1,0,208.0,168.0,14.0,13.0,0.98774844
1,0,107.0,373.0,14.0,12.0,0.9865479
1,0,201.0,459.0,12.0,12.0,0.97355247
1,0,1.0,132.0,13.0,11.0,0.9733829
1,0,147.0,88.0,12.0,12.0,0.9724309
1,0,177.0,196.0,15.0,13.0,0.9692283
1,0,0.0,160.0,12.0,12.0,0.9691228
1,0,208.0,23.0,14.0,13.0,0.9680825
1,0,74.0,526.0,14.0,13.0,0.9668478
1,0,139.0,373.0,13.0,15.0,0.9667249
1,0,129.0,131.0,14.0,12.0,0.9665591
1,0,26.0,516.0,14.0,14.0,0.96637726
1,0,121.0,366.0,13.0,17.0,0.9661054
1,0,47.0,163.0,16.0,13.0,0.96600705
1,0,176.0,138.0,14.0,12.0,0.9652336
1,0,74.0,171.0,14.0,13.0,0.9650402
1,0,17.0,426.0,10.0,12.0,0.96489036
1,0,189.0,54.0,12.0,12.0,0.96286625
1,0,8.0,396.0,15.0,14.0,0.962012
1,0,192.0,376.0,13.0,14.0,0.96146995
1,0,0.0,370.0,11.0,12.0,0.96102494
1,0,172.0,123.0,12.0,13.0,0.96025586
1,0,72.0,502.0,12.0,12.0,0.9602228
1,0,137.0,399.0,14.0,14.0,0.96016663
1,0,192.0,149.0,11.0,13.0,0.9600462
1,0,21.0,385.0,15.0,13.0,0.9597306
1,0,114.0,82.0,12.0,13.0,0.9597185
1,0,171.0,523.0,15.0,13.0,0.9580013
1,0,186.0,16.0,13.0,13.0,0.9577977
1,0,117.0,385.0,15.0,14.0,0.95705414
1,0,65.0,133.0,11.0,11.0,0.95630306
1,0,209.0,447.0,13.0,12.0,0.9561275
1,0,165.0,404.0,13.0,13.0,0.95593554
1,0,161.0,111.0,13.0,11.0,0.9543684
1,0,26.0,369.0,13.0,13.0,0.9540174
1,0,59.0,385.0,12.0,14.0,0.9537741
1,0,177.0,75.0,14.0,13.0,0.95353913
1,0,153.0,396.0,16.0,14.0,0.95311356
1,0,42.0,11.0,12.0,11.0,0.95277774
1,0,41.0,41.0,13.0,13.0,0.9526491
1,0,73.0,367.0,13.0,13.0,0.95214623
1,0,176.0,382.0,13.0,15.0,0.9513914
1,0,79.0,151.0,13.0,14.0,0.9506011
1,0,56.0,406.0,13.0,13.0,0.95020914
1,0,87.0,122.0,15.0,13.0,0.949361
1,0,44.0,56.0,13.0,12.0,0.9491724
1,0,15.0,374.0,12.0,11.0,0.94916195
1,0,152.0,162.0,15.0,13.0,0.94912845
1,0,57.0,522.0,14.0,12.0,0.9490463
1,0,121.0,66.0,13.0,13.0,0.948791
1,0,29.0,121.0,11.0,12.0,0.9475181
1,0,141.0,39.0,15.0,15.0,0.9469616
1,0,137.0,173.0,11.0,13.0,0.9466563
1,0,110.0,508.0,13.0,14.0,0.94579035
1,0,105.0,44.0,14.0,15.0,0.94576836
1,0,194.0,507.0,13.0,11.0,0.94393164
1,0,141.0,9.0,12.0,14.0,0.9433451
1,0,122.0,435.0,14.0,13.0,0.9427895
1,0,30.0,66.0,14.0,13.0,0.9424015
1,0,110.0,136.0,13.0,11.0,0.9422246
1,0,2.0,117.0,13.0,13.0,0.9422238
1,0,215.0,524.0,9.0,16.0,0.9421572
1,0,136.0,163.0,11.0,10.0,0.9420748
1,0,88.0,369.0,15.0,14.0,0.9412019
1,0,91.0,511.0,11.0,11.0,0.940768
1,0,176.0,45.0,13.0,13.0,0.9406204
1,0,134.0,467.0,14.0,15.0,0.940296
1,0,203.0,392.0,13.0,12.0,0.939826
1,0,92.0,386.0,11.0,6.0,0.93945646
1,0,74.0,392.0,13.0,15.0,0.9391967
1,0,130.0,27.0,13.0,14.0,0.93768185
1,0,76.0,414.0,15.0,16.0,0.93767077
1,0,158.0,48.0,15.0,15.0,0.9376228
1,0,89.0,440.0,15.0,14.0,0.9372767
1,0,82.0,108.0,15.0,13.0,0.93708104
1,0,164.0,198.0,13.0,12.0,0.9366375
1,0,78.0,78.0,15.0,13.0,0.93644243
1,0,122.0,503.0,14.0,11.0,0.9358918
1,0,201.0,87.0,11.0,12.0,0.9353386
1,0,138.0,147.0,13.0,13.0,0.93460274
1,0,105.0,147.0,14.0,14.0,0.93407863
1,0,97.0,93.0,15.0,12.0,0.93392557
1,0,26.0,90.0,13.0,13.0,0.9331248
1,0,171.0,60.0,14.0,13.0,0.93293613
1,0,192.0,106.0,12.0,11.0,0.93273324
1,0,56.0,441.0,15.0,14.0,0.93266726
1,0,64.0,23.0,11.0,10.0,0.9325956
1,0,205.0,484.0,12.0,10.0,0.9325485
1,0,93.0,137.0,14.0,16.0,0.9298107
1,0,114.0,444.0,12.0,14.0,0.929213
1,0,27.0,138.0,14.0,16.0,0.92595565
1,0,100.0,517.0,14.0,13.0,0.9258146
1,0,129.0,416.0,13.0,13.0,0.9258098
1,0,200.0,62.0,14.0,13.0,0.92522895
1,0,15.0,148.0,12.0,15.0,0.92509717
1,0,119.0,45.0,12.0,15.0,0.92501134
1,0,50.0,76.0,13.0,16.0,0.9247472
1,0,48.0,379.0,13.0,12.0,0.92428774
1,0,183.0,173.0,13.0,11.0,0.92402655
1,0,110.0,118.0,13.0,15.0,0.9222965
1,0,0.0,144.0,11.0,11.0,0.9222868
1,0,142.0,23.0,14.0,12.0,0.9211
1,0,63.0,116.0,16.0,14.0,0.9203706
1,0,62.0,66.0,16.0,16.0,0.92009395
1,0,1.0,103.0,14.0,12.0,0.91922164
1,0,179.0,451.0,11.0,11.0,0.9189581
1,0,124.0,518.0,17.0,20.0,0.91895306
1,0,78.0,91.0,17.0,13.0,0.9185039
1,0,119.0,485.0,11.0,14.0,0.91846305
1,0,191.0,39.0,14.0,14.0,0.9180349
1,0,202.0,497.0,14.0,13.0,0.91775584
1,0,65.0,97.0,13.0,15.0,0.91697776
1,0,146.0,519.0,20.0,18.0,0.9167673
1,0,97.0,11.0,14.0,14.0,0.91615
1,0,55.0,421.0,10.0,12.0,0.9158182
1,0,137.0,432.0,11.0,12.0,0.91534853
1,0,79.0,510.0,12.0,14.0,0.9152959
1,0,177.0,89.0,14.0,13.0,0.9150302
1,0,99.0,448.0,14.0,14.0,0.9145441
1,0,126.0,119.0,16.0,12.0,0.9144299
1,0,182.0,487.0,12.0,12.0,0.91441864
1,0,114.0,462.0,16.0,14.0,0.9141414
1,0,145.0,104.0,13.0,14.0,0.914079
1,0,8.0,524.0,12.0,12.0,0.9140254
1,0,85.0,6.0,13.0,12.0,0.9132246
1,0,191.0,133.0,12.0,14.0,0.9127097
1,0,172.0,505.0,13.0,15.0,0.9126307
1,0,7.0,382.0,11.0,10.0,0.91195863
1,0,175.0,31.0,17.0,14.0,0.9117852
1,0,53.0,102.0,12.0,13.0,0.9114416
1,0,65.0,426.0,13.0,13.0,0.91096514
1,0,78.0,469.0,15.0,12.0,0.90894943
1,0,131.0,457.0,12.0,9.0,0.90779585
1,0,159.0,369.0,15.0,13.0,0.90666944
1,0,8.0,86.0,14.0,14.0,0.9057895
1,0,118.0,27.0,11.0,13.0,0.9056869
1,0,81.0,457.0,15.0,13.0,0.9047184
1,0,208.0,10.0,14.0,13.0,0.904506
1,0,169.0,480.0,14.0,14.0,0.9040591
1,0,151.0,63.0,15.0,13.0,0.9040097
1,0,16.0,110.0,12.0,14.0,0.9039265
1,0,205.0,145.0,11.0,13.0,0.90352696
1,0,66.0,477.0,13.0,12.0,0.9019103
1,0,77.0,437.0,15.0,15.0,0.901818
1,0,122.0,144.0,14.0,13.0,0.8987834
1,0,6.0,43.0,12.0,11.0,0.8973163
1,0,190.0,518.0,15.0,14.0,0.89560765
1,0,194.0,0.0,14.0,11.0,0.89425606
1,0,39.0,100.0,15.0,14.0,0.8936012
1,0,120.0,399.0,14.0,13.0,0.8921141
1,0,89.0,43.0,15.0,15.0,0.8916219
1,0,124.0,169.0,14.0,10.0,0.89033943
1,0,136.0,86.0,13.0,13.0,0.890265
1,0,154.0,118.0,11.0,12.0,0.88936555
1,0,209.0,79.0,13.0,14.0,0.8879421
1,0,154.0,139.0,15.0,13.0,0.88697636
1,0,213.0,377.0,11.0,12.0,0.8859801
1,0,30.0,47.0,13.0,14.0,0.88380617
1,0,201.0,424.0,13.0,11.0,0.8827956
1,0,62.0,454.0,13.0,10.0,0.8827825
1,0,41.0,471.0,15.0,14.0,0.88251585
1,0,40.0,450.0,14.0,16.0,0.88165176
1,0,10.0,64.0,14.0,14.0,0.88102573
1,0,19.0,13.0,13.0,12.0,0.88024646
1,0,185.0,426.0,17.0,13.0,0.8799263
1,0,189.0,452.0,12.0,12.0,0.879075
1,0,165.0,465.0,14.0,10.0,0.8790299
1,0,194.0,473.0,14.0,12.0,0.87857574
1,0,88.0,490.0,16.0,15.0,0.87839085
1,0,34.0,486.0,12.0,10.0,0.87707525
1,0,150.0,496.0,15.0,17.0,0.87541234
1,0,173.0,434.0,13.0,12.0,0.8752096
1,0,214.0,427.0,9.0,14.0,0.8750114
1,0,147.0,0.0,13.0,5.0,0.87442535
1,0,131.0,9.0,10.0,13.0,0.8728092
1,0,9.0,458.0,15.0,14.0,0.87252337
1,0,102.0,485.0,15.0,14.0,0.87227404
1,0,214.0,156.0,10.0,13.0,0.87207276
1,0,28.0,169.0,14.0,9.0,0.86953
1,0,53.0,460.0,14.0,12.0,0.86944705
1,0,163.0,89.0,14.0,18.0,0.86802137
1,0,38.0,391.0,11.0,12.0,0.8677343
1,0,216.0,61.0,8.0,13.0,0.86401147
1,0,50.0,3.0,13.0,13.0,0.86083174
1,0,165.0,154.0,15.0,15.0,0.86065245
1,0,146.0,129.0,13.0,13.0,0.8564615
1,0,94.0,408.0,16.0,14.0,0.8559511
1,0,26.0,406.0,16.0,15.0,0.85406756
1,0,56.0,40.0,14.0,16.0,0.8518676
1,0,5.0,503.0,15.0,15.0,0.85165787
1,0,70.0,0.0,12.0,13.0,0.8512403
1,0,41.0,367.0,14.0,13.0,0.8510649
1,0,25.0,490.0,14.0,15.0,0.8502895
1,0,35.0,505.0,11.0,13.0,0.85009927
1,0,27.0,109.0,10.0,12.0,0.84875673
1,0,5.0,487.0,15.0,14.0,0.84594756
1,0,87.0,29.0,12.0,13.0,0.845629
1,0,57.0,153.0,15.0,14.0,0.8455531
1,0,206.0,97.0,15.0,13.0,0.8445887
1,0,131.0,55.0,15.0,17.0,0.8445378
1,0,1.0,415.0,15.0,13.0,0.84345907
1,0,186.0,530.0,15.0,13.0,0.8422624
1,0,105.0,470.0,15.0,15.0,0.84163195
1,0,18.0,510.0,12.0,12.0,0.8402903
1,0,29.0,0.0,16.0,15.0,0.8402398
1,0,154.0,75.0,14.0,14.0,0.8393913
1,0,103.0,24.0,14.0,15.0,0.8392192
1,0,22.0,439.0,12.0,11.0,0.8357727
1,0,216.0,401.0,8.0,12.0,0.8329234
1,0,78.0,17.0,13.0,16.0,0.82878345
1,0,88.0,535.0,16.0,8.0,0.82652515
1,0,33.0,434.0,13.0,12.0,0.82158476
1,0,153.0,382.0,16.0,9.0,0.81980395
1,0,21.0,41.0,14.0,8.0,0.81833404
1,0,0.0,533.0,10.0,10.0,0.8154156
1,0,168.0,417.0,14.0,14.0,0.8137002
1,0,149.0,454.0,10.0,11.0,0.81234694
1,0,181.0,150.0,10.0,13.0,0.81092054
1,0,179.0,0.0,12.0,13.0,0.80713594
1,0,45.0,152.0,13.0,10.0,0.8070849
1,0,75.0,132.0,13.0,14.0,0.8067362
1,0,187.0,498.0,12.0,10.0,0.8057337
1,0,155.0,533.0,14.0,10.0,0.8030466
1,0,6.0,446.0,10.0,13.0,0.80127347
1,0,6.0,1.0,13.0,10.0,0.80035734
1,0,216.0,502.0,8.0,20.0,0.7992458
1,0,0.0,435.0,8.0,13.0,0.7986143
1,0,104.0,390.0,10.0,15.0,0.79440004
1,0,74.0,51.0,11.0,13.0,0.7930756
1,0,43.0,119.0,14.0,15.0,0.79088295
1,0,61.0,488.0,14.0,15.0,0.7887668
1,0,33.0,419.0,17.0,14.0,0.7875262
1,0,126.0,80.0,13.0,10.0,0.7869332
1,0,0.0,55.0,14.0,15.0,0.78282624
1,0,130.0,488.0,15.0,17.0,0.7796708
1,0,189.0,118.0,9.0,13.0,0.77717847
1,0,68.0,33.0,12.0,12.0,0.7769296
1,0,191.0,414.0,14.0,10.0,0.77636576
1,0,46.0,138.0,15.0,13.0,0.7759783
1,0,0.0,358.0,6.0,14.0,0.77484185
1,0,210.0,50.0,13.0,11.0,0.77042025
1,0,109.0,71.0,9.0,12.0,0.76636666
1,0,21.0,50.0,9.0,12.0,0.74879485
1,0,23.0,77.0,11.0,13.0,0.74775636
1,0,207.0,415.0,13.0,11.0,0.74309146
1,0,190.0,94.0,12.0,10.0,0.7413004
1,0,155.0,447.0,11.0,10.0,0.74031574
1,0,214.0,138.0,10.0,9.0,0.7391317
1,0,9.0,472.0,15.0,13.0,0.73772335
1,0,0.0,389.0,8.0,11.0,0.73581725
1,0,58.0,505.0,14.0,14.0,0.7347229
1,0,153.0,469.0,14.0,13.0,0.73222697
1,0,114.0,1.0,14.0,15.0,0.73011667
1,0,200.0,161.0,11.0,9.0,0.72883403
1,0,0.0,455.0,6.0,13.0,0.72059023
1,0,105.0,425.0,16.0,16.0,0.7193481
1,0,161.0,127.0,11.0,13.0,0.7175527
1,0,0.0,404.0,8.0,10.0,0.7122296
1,0,100.0,64.0,11.0,10.0,0.71090764
1,0,102.0,111.0,11.0,13.0,0.70516694
1,0,0.0,89.0,8.0,14.0,0.696727
1,0,39.0,536.0,12.0,7.0,0.6965103
1,0,45.0,515.0,11.0,11.0,0.69614655
1,0,60.0,87.0,10.0,10.0,0.6877709
1,0,34.0,384.0,11.0,8.0,0.6739353
1,0,40.0,524.0,11.0,11.0,0.6673307
1,0,136.0,447.0,14.0,13.0,0.6557014
1,0,216.0,0.0,8.0,7.0,0.6438223
1,0,0.0,522.0,9.0,10.0,0.6403863
1,0,207.0,39.0,11.0,11.0,0.62714916
1,0,122.0,98.0,18.0,16.0,0.627092
1,0,89.0,57.0,15.0,14.0,0.62635803
1,0,0.0,78.0,7.0,9.0,0.6258258
1,0,185.0,404.0,15.0,11.0,0.6223697
1,0,60.0,7.0,13.0,15.0,0.6064402
1,0,58.0,474.0,10.0,11.0,0.587047
1,0,80.0,481.0,16.0,13.0,0.57989097
1,0,54.0,533.0,15.0,10.0,0.5779289
1,0,188.0,441.0,11.0,10.0,0.5735974
1,0,216.0,462.0,8.0,17.0,0.56726676
1,0,214.0,115.0,9.0,11.0,0.55821514
1,0,160.0,9.0,15.0,18.0,0.54647154
1,0,2.0,27.0,15.0,14.0,0.53996617
1,0,216.0,146.0,8.0,12.0,0.5155441
1,0,100.0,162.0,12.0,11.0,0.49018976
1,0,204.0,518.0,12.0,18.0,0.48111847
1,0,162.0,434.0,10.0,12.0,0.4733608
1,0,15.0,27.0,14.0,14.0,0.47070822
1,0,149.0,414.0,12.0,10.0,0.46125793
1,0,99.0,528.0,11.0,9.0,0.44589043
1,0,74.0,43.0,7.0,10.0,0.4384044
1,0,187.0,164.0,10.0,9.0,0.43739924
1,0,16.0,536.0,16.0,7.0,0.43588656
1,0,204.0,114.0,11.0,12.0,0.42786384
1,0,131.0,0.0,12.0,5.0,0.42341387
1,0,47.0,503.0,11.0,10.0,0.38621247
1,0,221.0,483.0,3.0,12.0,0.38391325
1,0,26.0,456.0,14.0,15.0,0.38282835
1,0,12.0,131.0,12.0,17.0,0.37984303
1,0,154.0,463.0,11.0,8.0,0.37803164
1,0,51.0,492.0,11.0,13.0,0.29984054
1,0,166.0,449.0,11.0,11.0,0.25463843
1,0,41.0,87.0,9.0,12.0,0.23969044
1,0,223.0,374.0,1.0,14.0,0.23745893
1,0,88.0,0.0,11.0,6.0,0.23378782
1,0,201.0,168.0,7.0,9.0,0.2223268
1,0,150.0,423.0,10.0,10.0,0.21742022
1,0,204.0,135.0,8.0,10.0,0.21257599
1,0,110.0,536.0,13.0,7.0,0.15270878
1,0,0.0,43.0,5.0,11.0,0.13406034
1,0,119.0,14.0,9.0,13.0,0.12668167
1,0,15.0,443.0,8.0,10.0,0.10174767
1,0,65.0,168.0,9.0,7.0,0.101045474
1,0,63.0,143.0,12.0,9.0,0.0925018
1,0,73.0,385.0,15.0,6.0,0.09186083
1,0,140.0,364.0,19.0,5.0,0.088044606
1,0,20.0,449.0,9.0,9.0,0.08353961
1,0,200.0,28.0,10.0,9.0,0.08126082
1,0,0.0,2.0,6.0,11.0,0.07191763
2,0,210.0,386.0,13.0,14.0,0.9881052
2,0,195.0,372.0,15.0,17.0,0.98547363
2,0,58.0,379.0,13.0,13.0,0.9843262
2,0,178.0,197.0,14.0,12.0,0.98383766
2,0,152.0,171.0,16.0,14.0,0.981838
2,0,162.0,396.0,13.0,12.0,0.98101187
2,0,28.0,68.0,13.0,12.0,0.9779097
2,0,175.0,140.0,13.0,14.0,0.97675097
2,0,121.0,503.0,15.0,15.0,0.9766692
2,0,118.0,83.0,13.0,12.0,0.9761411
2,0,42.0,57.0,13.0,13.0,0.9720151
2,0,181.0,487.0,12.0,13.0,0.9717245
2,0,174.0,378.0,14.0,14.0,0.9714019
2,0,7.0,104.0,14.0,13.0,0.97002274
2,0,71.0,502.0,12.0,13.0,0.96909034
2,0,148.0,87.0,11.0,12.0,0.9689183
2,0,97.0,168.0,14.0,13.0,0.96815276
2,0,43.0,12.0,13.0,13.0,0.96765435
2,0,126.0,27.0,13.0,12.0,0.96700424
2,0,105.0,507.0,13.0,13.0,0.9669349
2,0,71.0,8.0,12.0,12.0,0.96678936
2,0,182.0,16.0,16.0,13.0,0.96624416
2,0,128.0,138.0,15.0,12.0,0.9656879
2,0,160.0,109.0,15.0,13.0,0.9654487
2,0,47.0,168.0,15.0,12.0,0.9624185
2,0,157.0,360.0,18.0,14.0,0.9623593
2,0,216.0,369.0,8.0,15.0,0.9617902
2,0,144.0,155.0,14.0,12.0,0.9612388
2,0,13.0,427.0,14.0,12.0,0.9609403
2,0,92.0,511.0,11.0,11.0,0.9606592
2,0,23.0,382.0,12.0,13.0,0.9600305
2,0,135.0,425.0,12.0,12.0,0.9599091
2,0,61.0,135.0,12.0,11.0,0.9597675
2,0,85.0,31.0,15.0,14.0,0.95822006
2,0,58.0,400.0,15.0,13.0,0.95809823
2,0,62.0,25.0,13.0,14.0,0.95701885
2,0,132.0,168.0,13.0,10.0,0.95682245
2,0,107.0,372.0,12.0,11.0,0.95654416
2,0,216.0,506.0,8.0,17.0,0.95621985
2,0,73.0,526.0,13.0,13.0,0.95552975
2,0,135.0,7.0,16.0,12.0,0.9553453
2,0,191.0,150.0,10.0,12.0,0.9545393
2,0,169.0,504.0,14.0,14.0,0.95453465
2,0,135.0,73.0,11.0,13.0,0.9537279
2,0,24.0,91.0,14.0,12.0,0.9533233
2,0,136.0,179.0,10.0,10.0,0.95281523
2,0,189.0,400.0,15.0,10.0,0.9527034
2,0,183.0,175.0,12.0,12.0,0.9525023
2,0,164.0,412.0,15.0,15.0,0.95213073
2,0,11.0,63.0,14.0,13.0,0.9519733
2,0,87.0,140.0,15.0,13.0,0.9519425
2,0,23.0,369.0,12.0,9.0,0.95192707
2,0,205.0,23.0,15.0,13.0,0.95188063
2,0,30.0,123.0,12.0,12.0,0.9515061
2,0,57.0,440.0,15.0,14.0,0.9514069
2,0,114.0,444.0,12.0,11.0,0.95102024
2,0,25.0,519.0,14.0,14.0,0.95065767
2,0,102.0,52.0,13.0,13.0,0.95063335
2,0,171.0,169.0,13.0,13.0,0.95047444
2,0,115.0,489.0,12.0,15.0,0.9493881
2,0,75.0,393.0,13.0,15.0,0.94883054
2,0,96.0,91.0,15.0,13.0,0.94836694
2,0,209.0,447.0,13.0,13.0,0.94832563
2,0,159.0,47.0,14.0,15.0,0.94813
2,0,39.0,101.0,15.0,15.0,0.9480788
2,0,199.0,460.0,10.0,12.0,0.94797534
2,0,58.0,521.0,13.0,13.0,0.9478828
2,0,10.0,526.0,12.0,12.0,0.94724494
2,0,119.0,368.0,12.0,12.0,0.9465345
2,0,118.0,382.0,12.0,10.0,0.9458774
2,0,169.0,525.0,12.0,12.0,0.9452686
2,0,158.0,147.0,15.0,15.0,0.94515854
2,0,35.0,390.0,12.0,12.0,0.94470966
2,0,184.0,105.0,14.0,13.0,0.9444415
2,0,131.0,486.0,13.0,14.0,0.9439815
2,0,78.0,512.0,13.0,12.0,0.94285685
2,0,124.0,121.0,17.0,15.0,0.94262207
2,0,91.0,383.0,12.0,9.0,0.941324
2,0,137.0,41.0,15.0,15.0,0.9410793
2,0,89.0,406.0,19.0,19.0,0.9410063
2,0,151.0,120.0,13.0,13.0,0.93994206
2,0,195.0,40.0,12.0,14.0,0.93967885
2,0,128.0,439.0,14.0,13.0,0.93918425
2,0,188.0,55.0,10.0,11.0,0.9381905
2,0,55.0,45.0,14.0,15.0,0.93785477
2,0,73.0,53.0,10.0,13.0,0.9373316
2,0,141.0,25.0,13.0,13.0,0.9371134
2,0,188.0,72.0,15.0,15.0,0.9369902
2,0,164.0,204.0,16.0,11.0,0.9352865
2,0,72.0,365.0,15.0,13.0,0.9352111
2,0,61.0,455.0,13.0,11.0,0.93479466
2,0,145.0,409.0,14.0,13.0,0.9334617
2,0,127.0,412.0,13.0,12.0,0.932545
2,0,62.0,428.0,17.0,13.0,0.9318317
2,0,55.0,102.0,12.0,14.0,0.93144244
2,0,49.0,457.0,11.0,12.0,0.9313974
2,0,176.0,77.0,12.0,13.0,0.9307098
2,0,7.0,459.0,15.0,13.0,0.9279558
2,0,9.0,393.0,14.0,13.0,0.92758733
2,0,215.0,523.0,9.0,13.0,0.9266489
2,0,171.0,124.0,13.0,13.0,0.9266082
2,0,121.0,67.0,14.0,13.0,0.9265212
2,0,98.0,520.0,14.0,12.0,0.9260645
2,0,36.0,40.0,15.0,12.0,0.92597944
2,0,105.0,535.0,15.0,8.0,0.9253285
2,0,207.0,172.0,12.0,12.0,0.9245343
2,0,88.0,367.0,16.0,11.0,0.9241091
2,0,116.0,29.0,11.0,12.0,0.92408437
2,0,0.0,159.0,10.0,16.0,0.922128
2,0,49.0,75.0,13.0,16.0,0.9220108
2,0,119.0,522.0,18.0,16.0,0.9219362
2,0,15.0,115.0,12.0,13.0,0.9212444
2,0,107.0,125.0,14.0,11.0,0.9211855
2,0,20.0,41.0,13.0,9.0,0.92090464
2,0,63.0,118.0,14.0,14.0,0.92024994
2,0,7.0,380.0,9.0,11.0,0.9196703
2,0,66.0,476.0,13.0,13.0,0.9195504
2,0,52.0,417.0,13.0,12.0,0.91916883
2,0,80.0,457.0,15.0,13.0,0.91904813
2,0,113.0,463.0,15.0,14.0,0.91866744
2,0,75.0,439.0,14.0,14.0,0.9181641
2,0,158.0,131.0,13.0,14.0,0.9180154
2,0,62.0,490.0,14.0,12.0,0.91733426
2,0,86.0,123.0,15.0,13.0,0.91718763
2,0,145.0,391.0,14.0,13.0,0.9167895
2,0,172.0,61.0,13.0,13.0,0.9165772
2,0,127.0,457.0,13.0,9.0,0.9165734
2,0,146.0,0.0,13.0,7.0,0.916397
2,0,15.0,373.0,11.0,10.0,0.91557
2,0,78.0,72.0,14.0,16.0,0.9142877
2,0,178.0,528.0,15.0,14.0,0.9135272
2,0,21.0,491.0,14.0,15.0,0.9127797
2,0,96.0,10.0,14.0,16.0,0.91200835
2,0,179.0,453.0,11.0,10.0,0.91183543
2,0,81.0,106.0,14.0,14.0,0.91130716
2,0,61.0,66.0,17.0,14.0,0.9110332
2,0,101.0,107.0,14.0,15.0,0.90933913
2,0,123.0,154.0,14.0,11.0,0.90931743
2,0,133.0,397.0,12.0,13.0,0.90920615
2,0,128.0,14.0,11.0,13.0,0.9092049
2,0,206.0,10.0,15.0,12.0,0.90911305
2,0,104.0,72.0,15.0,15.0,0.909085
2,0,5.0,505.0,11.0,13.0,0.90882635
2,0,199.0,57.0,16.0,16.0,0.90801954
2,0,205.0,482.0,13.0,11.0,0.90742475
2,0,215.0,65.0,9.0,12.0,0.9064399
2,0,144.0,104.0,14.0,16.0,0.9061974
2,0,207.0,79.0,14.0,13.0,0.9053541
2,0,130.0,467.0,14.0,14.0,0.90437716
2,0,42.0,472.0,15.0,14.0,0.9042508
2,0,33.0,506.0,13.0,11.0,0.90056056
2,0,101.0,147.0,16.0,17.0,0.90038425
2,0,35.0,454.0,12.0,14.0,0.89986557
2,0,191.0,506.0,15.0,13.0,0.8974556
2,0,194.0,474.0,13.0,12.0,0.8972082
2,0,133.0,87.0,14.0,14.0,0.8957704
2,0,99.0,485.0,13.0,16.0,0.89546436
2,0,88.0,524.0,13.0,12.0,0.894817
2,0,190.0,134.0,12.0,14.0,0.8940552
2,0,1.0,129.0,9.0,14.0,0.8935814
2,0,26.0,168.0,13.0,14.0,0.8919709
2,0,99.0,448.0,13.0,14.0,0.88973516
2,0,11.0,134.0,12.0,16.0,0.8895185
2,0,75.0,90.0,19.0,12.0,0.8884714
2,0,169.0,481.0,14.0,15.0,0.88821846
2,0,93.0,74.0,9.0,14.0,0.8874874
2,0,23.0,535.0,16.0,8.0,0.88713217
2,0,27.0,111.0,12.0,12.0,0.8870587
2,0,138.0,449.0,10.0,11.0,0.8867458
2,0,176.0,46.0,14.0,11.0,0.88669086
2,0,89.0,440.0,15.0,14.0,0.88650644
2,0,215.0,149.0,9.0,12.0,0.88614494
2,0,178.0,90.0,12.0,13.0,0.8857784
2,0,103.0,28.0,11.0,13.0,0.88468033
2,0,112.0,140.0,13.0,11.0,0.88299155
2,0,3.0,446.0,11.0,11.0,0.8816242
2,0,6.0,46.0,11.0,12.0,0.88036877
2,0,202.0,495.0,15.0,13.0,0.87980765
2,0,7.0,2.0,12.0,13.0,0.8789262
2,0,199.0,103.0,15.0,12.0,0.8771876
2,0,189.0,413.0,15.0,10.0,0.87698525
2,0,19.0,438.0,13.0,12.0,0.87570035
2,0,0.0,56.0,12.0,14.0,0.87500364
2,0,72.0,43.0,11.0,10.0,0.87474656
2,0,210.0,406.0,12.0,11.0,0.8744438
2,0,109.0,420.0,16.0,17.0,0.8733617
2,0,25.0,405.0,15.0,15.0,0.8719848
2,0,73.0,170.0,15.0,13.0,0.87097096
2,0,175.0,31.0,16.0,14.0,0.8691175
2,0,3.0,487.0,15.0,14.0,0.8686915
2,0,32.0,1.0,15.0,14.0,0.8666109
2,0,202.0,91.0,12.0,11.0,0.8654608
2,0,18.0,13.0,15.0,11.0,0.8629824
2,0,212.0,427.0,10.0,14.0,0.86157936
2,0,0.0,369.0,9.0,14.0,0.86014473
2,0,74.0,415.0,15.0,14.0,0.8588733
2,0,16.0,0.0,14.0,9.0,0.85828966
2,0,192.0,0.0,16.0,9.0,0.8574069
2,0,203.0,146.0,12.0,13.0,0.8573796
2,0,179.0,160.0,14.0,13.0,0.8541121
2,0,121.0,396.0,10.0,15.0,0.85268235
2,0,45.0,514.0,11.0,11.0,0.85244185
2,0,15.0,448.0,15.0,13.0,0.8520971
2,0,145.0,137.0,13.0,13.0,0.8517122
2,0,188.0,453.0,13.0,11.0,0.8513169
2,0,2.0,411.0,15.0,15.0,0.8483941
2,0,82.0,6.0,13.0,11.0,0.8464598
2,0,49.0,1.0,14.0,13.0,0.84620243
2,0,67.0,99.0,13.0,14.0,0.8452114
2,0,34.0,383.0,12.0,9.0,0.83542794
2,0,29.0,50.0,13.0,14.0,0.83398706
2,0,201.0,424.0,12.0,11.0,0.8316247
2,0,166.0,464.0,11.0,13.0,0.8297559
2,0,19.0,507.0,13.0,13.0,0.8282877
2,0,151.0,472.0,14.0,13.0,0.8274861
2,0,137.0,371.0,16.0,14.0,0.8272657
2,0,56.0,155.0,14.0,11.0,0.82609206
2,0,145.0,434.0,14.0,13.0,0.825734
2,0,38.0,365.0,13.0,12.0,0.82355744
2,0,211.0,46.0,12.0,11.0,0.82309145
2,0,4.0,86.0,14.0,15.0,0.8228132
2,0,86.0,45.0,16.0,12.0,0.8173766
2,0,129.0,56.0,14.0,13.0,0.8165967
2,0,201.0,115.0,11.0,11.0,0.81592035
2,0,178.0,0.0,14.0,12.0,0.8158359
2,0,0.0,520.0,9.0,14.0,0.8155683
2,0,18.0,53.0,11.0,8.0,0.8153524
2,0,122.0,172.0,13.0,12.0,0.8127737
2,0,0.0,114.0,9.0,11.0,0.8085397
2,0,147.0,70.0,12.0,11.0,0.80632013
2,0,12.0,154.0,13.0,15.0,0.80442053
2,0,46.0,143.0,14.0,12.0,0.8008942
2,0,149.0,422.0,14.0,11.0,0.79825205
2,0,185.0,120.0,14.0,13.0,0.7970677
2,0,146.0,519.0,20.0,18.0,0.79682904
2,0,111.0,1.0,16.0,16.0,0.7872549
2,0,0.0,143.0,9.0,11.0,0.785498
2,0,59.0,10.0,14.0,15.0,0.78082126
2,0,86.0,56.0,15.0,12.0,0.7807741
2,0,118.0,43.0,14.0,16.0,0.7800876
2,0,174.0,434.0,10.0,12.0,0.7792044
2,0,88.0,536.0,17.0,7.0,0.7767819
2,0,162.0,89.0,14.0,18.0,0.77449554
2,0,145.0,499.0,19.0,19.0,0.7741725
2,0,77.0,22.0,11.0,12.0,0.77097493
2,0,57.0,503.0,15.0,15.0,0.76545864
2,0,189.0,428.0,13.0,14.0,0.76523125
2,0,207.0,415.0,14.0,10.0,0.76454294
2,0,190.0,94.0,12.0,12.0,0.76359946
2,0,35.0,485.0,11.0,11.0,0.7609401
2,0,214.0,0.0,10.0,9.0,0.7592894
2,0,84.0,489.0,18.0,18.0,0.7589012
2,0,185.0,441.0,14.0,13.0,0.757125
2,0,147.0,457.0,13.0,12.0,0.75426894
2,0,120.0,101.0,16.0,15.0,0.7518759
2,0,77.0,469.0,16.0,11.0,0.7499829
2,0,0.0,400.0,7.0,9.0,0.742399
2,0,42.0,126.0,18.0,14.0,0.7396683
2,0,81.0,479.0,12.0,12.0,0.7377636
2,0,52.0,535.0,17.0,8.0,0.72563887
2,0,150.0,62.0,14.0,10.0,0.7133687
2,0,8.0,473.0,15.0,11.0,0.6975673
2,0,0.0,434.0,10.0,13.0,0.68695986
2,0,26.0,144.0,14.0,15.0,0.68667775
2,0,213.0,161.0,11.0,13.0,0.6772287
2,0,209.0,129.0,15.0,13.0,0.6748751
2,0,199.0,163.0,11.0,12.0,0.67436016
2,0,46.0,375.0,12.0,8.0,0.668462
2,0,214.0,461.0,9.0,17.0,0.664815
2,0,191.0,523.0,15.0,16.0,0.6641625
2,0,0.0,3.0,6.0,11.0,0.6450545
2,0,214.0,35.0,10.0,11.0,0.63691205
2,0,63.0,0.0,17.0,6.0,0.6319683
2,0,98.0,63.0,13.0,11.0,0.60465634
2,0,47.0,389.0,10.0,14.0,0.5811577
2,0,73.0,135.0,12.0,16.0,0.57830447
2,0,31.0,424.0,16.0,13.0,0.5758497
2,0,170.0,13.0,8.0,14.0,0.5729237
2,0,162.0,439.0,15.0,14.0,0.56612974
2,0,62.0,147.0,11.0,10.0,0.5641897
2,0,9.0,26.0,17.0,13.0,0.5600741
2,0,104.0,389.0,10.0,13.0,0.55878973
2,0,204.0,512.0,12.0,18.0,0.5562187
2,0,21.0,79.0,11.0,12.0,0.55598766
2,0,36.0,75.0,13.0,17.0,0.5456113
2,0,0.0,72.0,8.0,15.0,0.5324353
2,0,38.0,535.0,14.0,8.0,0.52562165
2,0,67.0,163.0,10.0,11.0,0.5097124
2,0,91.0,183.0,15.0,10.0,0.4866879
2,0,50.0,90.0,13.0,10.0,0.43811417
2,0,217.0,56.0,7.0,9.0,0.3968238
2,0,214.0,102.0,9.0,13.0,0.3789959
2,0,38.0,525.0,14.0,10.0,0.35698614
2,0,156.0,449.0,8.0,9.0,0.30032727
2,0,46.0,155.0,10.0,10.0,0.26015005
2,0,212.0,116.0,11.0,7.0,0.26006198
2,0,39.0,497.0,10.0,10.0,0.25558332
2,0,193.0,173.0,12.0,7.0,0.25387043
2,0,22.0,469.0,9.0,16.0,0.22666448
2,0,158.0,17.0,13.0,14.0,0.20908752
2,0,0.0,454.0,6.0,12.0,0.20141898
2,0,166.0,454.0,12.0,8.0,0.19943285
2,0,83.0,0.0,15.0,4.0,0.17623249
2,0,30.0,447.0,12.0,8.0,0.16741604
2,0,34.0,375.0,11.0,9.0,0.14621903
2,0,207.0,529.0,9.0,13.0,0.14153773
2,0,0.0,90.0,5.0,11.0,0.13216673
2,0,0.0,39.0,9.0,9.0,0.114132315
2,0,50.0,482.0,12.0,13.0,0.107423306
2,0,51.0,497.0,8.0,10.0,0.09891997
2,0,69.0,537.0,12.0,6.0,0.084566645
2,0,151.0,374.0,9.0,8.0,0.06993159
2,0,216.0,89.0,8.0,13.0,0.06529131
2,0,131.0,386.0,14.0,10.0,0.051849548
3,0,200.0,361.0,16.0,15.0,0.9934871
3,0,177.0,371.0,14.0,14.0,0.9904979
3,0,215.0,377.0,8.0,15.0,0.985502
3,0,137.0,362.0,15.0,15.0,0.9774129
3,0,19.0,451.0,13.0,12.0,0.9766585
3,0,21.0,467.0,16.0,16.0,0.9745018
3,0,32.0,65.0,14.0,12.0,0.97421443
3,0,87.0,139.0,15.0,13.0,0.9731569
3,0,122.0,504.0,14.0,13.0,0.9710061
3,0,122.0,82.0,12.0,11.0,0.96913975
3,0,184.0,99.0,11.0,12.0,0.9690341
3,0,175.0,483.0,13.0,14.0,0.9677847
3,0,25.0,89.0,15.0,14.0,0.96735495
3,0,57.0,410.0,14.0,13.0,0.9671629
3,0,137.0,175.0,14.0,13.0,0.96690613
3,0,113.0,492.0,14.0,14.0,0.9662339
3,0,159.0,353.0,16.0,13.0,0.9649746
3,0,78.0,80.0,15.0,15.0,0.9646412
3,0,151.0,121.0,15.0,14.0,0.9642928
3,0,198.0,458.0,12.0,11.0,0.9638387
3,0,119.0,376.0,14.0,12.0,0.9625199
3,0,162.0,386.0,14.0,13.0,0.9624576
3,0,11.0,103.0,16.0,14.0,0.96234477
3,0,129.0,407.0,13.0,12.0,0.9619888
3,0,62.0,371.0,13.0,13.0,0.96132725
3,0,96.0,168.0,14.0,14.0,0.96130085
3,0,193.0,69.0,13.0,14.0,0.96127295
3,0,86.0,120.0,15.0,15.0,0.95918673
3,0,105.0,504.0,15.0,14.0,0.9590112
3,0,209.0,443.0,14.0,13.0,0.95857567
3,0,190.0,151.0,13.0,12.0,0.95809734
3,0,59.0,391.0,15.0,13.0,0.9580353
3,0,204.0,21.0,15.0,14.0,0.9580154
3,0,69.0,7.0,13.0,12.0,0.95750475
3,0,15.0,423.0,12.0,12.0,0.9574078
3,0,127.0,120.0,15.0,15.0,0.95721924
3,0,13.0,386.0,13.0,12.0,0.9559247
3,0,72.0,500.0,11.0,11.0,0.9554686
3,0,31.0,400.0,15.0,16.0,0.95484656
3,0,25.0,374.0,13.0,12.0,0.95481277
3,0,162.0,104.0,13.0,12.0,0.95471454
3,0,143.0,23.0,14.0,15.0,0.9540981
3,0,88.0,379.0,15.0,12.0,0.9531468
3,0,23.0,488.0,15.0,14.0,0.9527637
3,0,88.0,362.0,17.0,14.0,0.9526312
3,0,117.0,461.0,14.0,13.0,0.95239276
3,0,47.0,13.0,10.0,13.0,0.9518639
3,0,6.0,377.0,12.0,11.0,0.9507681
3,0,106.0,370.0,13.0,11.0,0.9506949
3,0,21.0,503.0,16.0,13.0,0.9504273
3,0,25.0,516.0,15.0,13.0,0.94968086
3,0,133.0,438.0,12.0,13.0,0.9495396
3,0,44.0,54.0,11.0,15.0,0.948473
3,0,208.0,478.0,11.0,12.0,0.9484154
3,0,134.0,139.0,16.0,16.0,0.9480114
3,0,84.0,5.0,13.0,14.0,0.9478091
3,0,169.0,521.0,14.0,14.0,0.9476064
3,0,210.0,62.0,13.0,14.0,0.94756764
3,0,18.0,434.0,14.0,13.0,0.94736356
3,0,177.0,60.0,14.0,12.0,0.9468693
3,0,77.0,391.0,12.0,15.0,0.94659925
3,0,38.0,387.0,12.0,10.0,0.94568723
3,0,184.0,86.0,11.0,13.0,0.9454614
3,0,60.0,436.0,14.0,15.0,0.9450355
3,0,53.0,451.0,11.0,16.0,0.9446823
3,0,17.0,72.0,14.0,11.0,0.94415855
3,0,0.0,0.0,10.0,16.0,0.9439617
3,0,183.0,11.0,15.0,15.0,0.94296086
3,0,195.0,526.0,13.0,13.0,0.9426742
3,0,84.0,520.0,14.0,13.0,0.9425558
3,0,121.0,392.0,15.0,14.0,0.94206643
3,0,11.0,129.0,13.0,18.0,0.94193804
3,0,11.0,526.0,12.0,13.0,0.9414997
3,0,198.0,50.0,12.0,17.0,0.9414204
3,0,27.0,169.0,14.0,13.0,0.9401451
3,0,0.0,155.0,12.0,15.0,0.939853
3,0,209.0,170.0,14.0,13.0,0.9395051
3,0,106.0,108.0,13.0,13.0,0.9393925
3,0,34.0,126.0,10.0,12.0,0.93916893
3,0,103.0,47.0,12.0,12.0,0.9388971
3,0,154.0,176.0,15.0,13.0,0.93880653
3,0,194.0,471.0,15.0,14.0,0.9384342
3,0,145.0,82.0,14.0,13.0,0.9379403
3,0,136.0,418.0,14.0,13.0,0.93727213
3,0,209.0,9.0,14.0,11.0,0.936623
3,0,193.0,394.0,15.0,14.0,0.9361153
3,0,172.0,123.0,13.0,14.0,0.93586904
3,0,95.0,507.0,10.0,11.0,0.9355156
3,0,76.0,362.0,11.0,12.0,0.93542993
3,0,151.0,162.0,15.0,11.0,0.93493867
3,0,36.0,0.0,17.0,14.0,0.93362755
3,0,39.0,454.0,14.0,14.0,0.933547
3,0,81.0,414.0,14.0,14.0,0.9327576
3,0,69.0,521.0,13.0,14.0,0.93111265
3,0,24.0,363.0,11.0,11.0,0.93069166
3,0,144.0,67.0,12.0,12.0,0.9301032
3,0,49.0,168.0,15.0,10.0,0.9298101
3,0,63.0,488.0,15.0,13.0,0.9295637
3,0,100.0,517.0,15.0,12.0,0.92932296
3,0,168.0,500.0,15.0,14.0,0.9290295
3,0,49.0,72.0,14.0,13.0,0.9287337
3,0,104.0,529.0,14.0,14.0,0.9284615
3,0,20.0,41.0,14.0,10.0,0.9273571
3,0,216.0,148.0,8.0,11.0,0.92727447
3,0,90.0,436.0,14.0,17.0,0.9272702
3,0,167.0,405.0,12.0,13.0,0.9267852
3,0,0.0,102.0,10.0,12.0,0.92635894
3,0,74.0,170.0,14.0,14.0,0.92574495
3,0,105.0,382.0,14.0,10.0,0.9256866
3,0,163.0,44.0,16.0,14.0,0.9254028
3,0,96.0,10.0,14.0,14.0,0.9253709
3,0,9.0,46.0,11.0,12.0,0.9246176
3,0,206.0,491.0,15.0,14.0,0.92378783
3,0,210.0,401.0,14.0,13.0,0.9236656
3,0,181.0,74.0,11.0,12.0,0.92359686
3,0,142.0,40.0,15.0,13.0,0.9212672
3,0,185.0,40.0,14.0,11.0,0.92087233
3,0,128.0,47.0,12.0,14.0,0.91939664
3,0,105.0,127.0,15.0,13.0,0.91816854
3,0,145.0,0.0,14.0,5.0,0.91760147
3,0,127.0,156.0,16.0,12.0,0.9171469
3,0,181.0,449.0,10.0,12.0,0.9168126
3,0,191.0,426.0,16.0,14.0,0.9166616
3,0,66.0,474.0,13.0,14.0,0.91654277
3,0,78.0,437.0,12.0,14.0,0.91566396
3,0,75.0,51.0,9.0,14.0,0.9155616
3,0,12.0,57.0,15.0,13.0,0.9153295
3,0,191.0,134.0,14.0,14.0,0.9151259
3,0,85.0,102.0,15.0,15.0,0.9143526
3,0,113.0,0.0,15.0,12.0,0.91393656
3,0,122.0,64.0,13.0,12.0,0.91249156
3,0,48.0,470.0,14.0,11.0,0.9123668
3,0,194.0,0.0,13.0,12.0,0.9111583
3,0,126.0,172.0,14.0,14.0,0.9106487
3,0,199.0,103.0,14.0,13.0,0.9093458
3,0,116.0,361.0,13.0,11.0,0.90874475
3,0,2.0,500.0,15.0,16.0,0.9086394
3,0,95.0,92.0,15.0,12.0,0.9075332
3,0,200.0,34.0,14.0,12.0,0.90751505
3,0,176.0,431.0,10.0,11.0,0.9073972
3,0,217.0,519.0,7.0,17.0,0.90706974
3,0,129.0,481.0,16.0,15.0,0.9064686
3,0,7.0,458.0,13.0,14.0,0.906314
3,0,62.0,135.0,11.0,12.0,0.90567976
3,0,85.0,489.0,16.0,15.0,0.9054849
3,0,64.0,26.0,14.0,13.0,0.9043514
3,0,34.0,43.0,13.0,15.0,0.9033496
3,0,64.0,452.0,12.0,14.0,0.90334886
3,0,176.0,147.0,12.0,14.0,0.90313053
3,0,79.0,509.0,13.0,11.0,0.90244114
3,0,41.0,102.0,15.0,13.0,0.9020164
3,0,181.0,185.0,12.0,12.0,0.9019902
3,0,57.0,44.0,15.0,15.0,0.9017524
3,0,57.0,0.0,13.0,9.0,0.9008511
3,0,153.0,471.0,15.0,14.0,0.90035033
3,0,63.0,63.0,15.0,14.0,0.899469
3,0,2.0,367.0,11.0,9.0,0.8969546
3,0,58.0,517.0,11.0,13.0,0.8963024
3,0,3.0,483.0,14.0,14.0,0.8958813
3,0,0.0,391.0,10.0,11.0,0.8945214
3,0,130.0,453.0,12.0,9.0,0.89421177
3,0,47.0,37.0,14.0,13.0,0.8940751
3,0,7.0,82.0,15.0,15.0,0.89351344
3,0,170.0,201.0,16.0,12.0,0.892358
3,0,118.0,141.0,11.0,11.0,0.89194584
3,0,105.0,24.0,14.0,16.0,0.8905605
3,0,105.0,73.0,14.0,16.0,0.8903743
3,0,18.0,114.0,13.0,14.0,0.89020157
3,0,103.0,60.0,14.0,10.0,0.88781714
3,0,102.0,446.0,16.0,13.0,0.8877708
3,0,186.0,169.0,14.0,9.0,0.8875679
3,0,191.0,409.0,13.0,11.0,0.8862694
3,0,2.0,520.0,13.0,12.0,0.8861933
3,0,83.0,67.0,15.0,13.0,0.8846029
3,0,103.0,146.0,16.0,16.0,0.88373697
3,0,30.0,419.0,17.0,13.0,0.88360363
3,0,92.0,400.0,17.0,16.0,0.8831513
3,0,70.0,535.0,12.0,8.0,0.8830021
3,0,0.0,407.0,16.0,17.0,0.8816904
3,0,63.0,422.0,14.0,14.0,0.8812248
3,0,100.0,483.0,13.0,14.0,0.88112354
3,0,151.0,56.0,15.0,12.0,0.8797846
3,0,61.0,99.0,12.0,15.0,0.8791506
3,0,152.0,456.0,15.0,15.0,0.8782839
3,0,187.0,499.0,13.0,13.0,0.8769773
3,0,117.0,518.0,19.0,18.0,0.87595844
3,0,36.0,504.0,10.0,11.0,0.87569654
3,0,74.0,40.0,10.0,10.0,0.87554973
3,0,131.0,465.0,14.0,15.0,0.87455326
3,0,88.0,33.0,15.0,12.0,0.87283176
3,0,5.0,439.0,13.0,14.0,0.8722669
3,0,19.0,23.0,18.0,15.0,0.86989796
3,0,143.0,450.0,10.0,11.0,0.8687894
3,0,166.0,157.0,12.0,13.0,0.8685751
3,0,206.0,145.0,10.0,14.0,0.86856854
3,0,116.0,441.0,12.0,12.0,0.867386
3,0,144.0,379.0,15.0,12.0,0.8667729
3,0,30.0,110.0,10.0,13.0,0.8658428
3,0,40.0,362.0,12.0,10.0,0.8653613
3,0,47.0,510.0,10.0,11.0,0.8635984
3,0,0.0,430.0,11.0,12.0,0.8616261
3,0,57.0,156.0,14.0,12.0,0.85928595
3,0,134.0,389.0,11.0,13.0,0.85918236
3,0,79.0,21.0,12.0,13.0,0.8588259
3,0,188.0,438.0,12.0,12.0,0.8583462
3,0,0.0,62.0,12.0,14.0,0.8566638
3,0,80.0,475.0,15.0,12.0,0.855707
3,0,152.0,142.0,14.0,15.0,0.85306305
3,0,12.0,2.0,12.0,13.0,0.84919757
3,0,0.0,120.0,8.0,14.0,0.8467072
3,0,208.0,77.0,11.0,13.0,0.8459312
3,0,55.0,534.0,16.0,9.0,0.8419575
3,0,10.0,169.0,17.0,9.0,0.83926564
3,0,81.0,455.0,16.0,13.0,0.8316779
3,0,2.0,34.0,13.0,12.0,0.8307906
3,0,47.0,157.0,11.0,9.0,0.8296956
3,0,132.0,7.0,15.0,13.0,0.828527
3,0,215.0,35.0,9.0,11.0,0.82847804
3,0,0.0,454.0,6.0,11.0,0.8264664
3,0,0.0,143.0,10.0,10.0,0.8250456
3,0,0.0,86.0,8.0,13.0,0.82353485
3,0,72.0,0.0,13.0,8.0,0.8217863
3,0,22.0,51.0,12.0,10.0,0.821046
3,0,151.0,518.0,16.0,13.0,0.8201783
3,0,58.0,119.0,18.0,19.0,0.81866366
3,0,209.0,90.0,13.0,14.0,0.8136514
3,0,214.0,0.0,10.0,8.0,0.8131351
3,0,120.0,97.0,16.0,16.0,0.80789024
3,0,23.0,12.0,12.0,10.0,0.8055928
3,0,212.0,49.0,12.0,13.0,0.798282
3,0,214.0,425.0,9.0,16.0,0.79312956
3,0,40.0,522.0,15.0,13.0,0.7927691
3,0,87.0,53.0,14.0,12.0,0.7896757
3,0,152.0,531.0,15.0,12.0,0.7895249
3,0,89.0,43.0,12.0,12.0,0.78571755
3,0,214.0,103.0,10.0,10.0,0.78560954
3,0,24.0,535.0,16.0,8.0,0.77839863
3,0,169.0,83.0,12.0,18.0,0.7761525
3,0,43.0,144.0,13.0,13.0,0.77094305
3,0,36.0,380.0,11.0,7.0,0.7612187
3,0,195.0,87.0,13.0,14.0,0.7571754
3,0,185.0,50.0,12.0,12.0,0.7571142
3,0,123.0,25.0,13.0,13.0,0.7568492
3,0,14.0,154.0,13.0,17.0,0.75533783
3,0,174.0,29.0,12.0,14.0,0.7437688
3,0,214.0,413.0,10.0,10.0,0.73680675
3,0,131.0,71.0,11.0,11.0,0.7366631
3,0,58.0,502.0,13.0,14.0,0.73177487
3,0,144.0,399.0,14.0,14.0,0.72835666
3,0,74.0,464.0,14.0,12.0,0.7213724
3,0,146.0,105.0,14.0,14.0,0.72122496
3,0,77.0,384.0,12.0,8.0,0.72009176
3,0,153.0,71.0,12.0,12.0,0.7170889
3,0,206.0,514.0,12.0,13.0,0.7138752
3,0,35.0,442.0,13.0,12.0,0.7105744
3,0,0.0,46.0,7.0,12.0,0.70827895
3,0,214.0,114.0,9.0,12.0,0.7043151
3,0,170.0,463.0,12.0,13.0,0.70153224
3,0,0.0,355.0,7.0,15.0,0.6988047
3,0,191.0,450.0,10.0,11.0,0.6975003
3,0,215.0,460.0,9.0,16.0,0.69678944
3,0,107.0,469.0,14.0,15.0,0.6868727
3,0,206.0,122.0,10.0,14.0,0.68569344
3,0,53.0,87.0,15.0,13.0,0.68414557
3,0,59.0,15.0,12.0,12.0,0.6815998
3,0,22.0,0.0,13.0,9.0,0.6726666
3,0,188.0,115.0,12.0,15.0,0.66736674
3,0,137.0,81.0,9.0,15.0,0.6598583
3,0,44.0,127.0,15.0,15.0,0.65894365
3,0,49.0,384.0,15.0,8.0,0.65486115
3,0,157.0,422.0,12.0,12.0,0.6472618
3,0,35.0,484.0,11.0,11.0,0.6455765
3,0,62.0,149.0,11.0,9.0,0.6305749
3,0,146.0,432.0,14.0,14.0,0.6300869
3,0,82.0,535.0,12.0,7.0,0.62753564
3,0,163.0,436.0,15.0,17.0,0.6240878
3,0,42.0,490.0,14.0,14.0,0.6160247
3,0,215.0,158.0,9.0,13.0,0.59038705
3,0,3.0,174.0,9.0,10.0,0.58019125
3,0,13.0,369.0,11.0,10.0,0.5674947
3,0,27.0,144.0,15.0,15.0,0.5673396
3,0,113.0,416.0,14.0,17.0,0.5656333
3,0,156.0,447.0,11.0,10.0,0.553044
3,0,50.0,482.0,12.0,12.0,0.5320288
3,0,1.0,18.0,15.0,14.0,0.50433147
3,0,37.0,540.0,14.0,3.0,0.44616717
3,0,0.0,73.0,8.0,12.0,0.44354168
3,0,214.0,135.0,10.0,10.0,0.4391318
3,0,144.0,497.0,16.0,16.0,0.3976651
3,0,168.0,537.0,15.0,6.0,0.396619
3,0,73.0,140.0,10.0,12.0,0.39577016
3,0,171.0,10.0,8.0,13.0,0.38068497
3,0,49.0,369.0,9.0,10.0,0.37237453
3,0,95.0,74.0,10.0,11.0,0.36224598
3,0,65.0,168.0,12.0,9.0,0.2935818
3,0,73.0,99.0,10.0,11.0,0.2865025
3,0,48.0,390.0,9.0,12.0,0.22869863
3,0,217.0,505.0,7.0,14.0,0.15772653
3,0,0.0,534.0,12.0,8.0,0.14253151
3,0,203.0,163.0,10.0,10.0,0.12629947
3,0,54.0,497.0,9.0,8.0,0.120233275
3,0,21.0,336.0,7.0,7.0,0.07134094
3,0,71.0,162.0,9.0,8.0,0.061287187
3,0,0.0,470.0,5.0,11.0,0.050100006
4,0,175.0,363.0,15.0,14.0,0.97904277
4,0,151.0,178.0,16.0,15.0,0.9768951
4,0,82.0,140.0,15.0,15.0,0.97683424
4,0,211.0,369.0,13.0,13.0,0.97557724
4,0,29.0,62.0,13.0,13.0,0.97501534
4,0,42.0,17.0,13.0,10.0,0.9732912
4,0,59.0,366.0,14.0,13.0,0.9727455
4,0,59.0,379.0,15.0,14.0,0.9722162
4,0,170.0,478.0,13.0,14.0,0.97098935
4,0,192.0,454.0,13.0,13.0,0.9708808
4,0,24.0,466.0,15.0,14.0,0.9691334
4,0,164.0,378.0,13.0,12.0,0.9690498
4,0,0.0,0.0,11.0,13.0,0.96859163
4,0,129.0,354.0,14.0,12.0,0.9671038
4,0,14.0,433.0,15.0,14.0,0.9664729
4,0,34.0,37.0,13.0,13.0,0.9663993
4,0,119.0,499.0,13.0,14.0,0.9663943
4,0,199.0,352.0,16.0,13.0,0.9663677
4,0,190.0,153.0,15.0,13.0,0.96624315
4,0,168.0,201.0,15.0,16.0,0.96621233
4,0,136.0,409.0,14.0,14.0,0.96586347
4,0,23.0,367.0,13.0,12.0,0.9634818
4,0,191.0,32.0,14.0,13.0,0.96199006
4,0,11.0,418.0,12.0,12.0,0.9618412
4,0,209.0,477.0,10.0,11.0,0.9614145
4,0,190.0,388.0,16.0,16.0,0.9598214
4,0,27.0,130.0,14.0,11.0,0.959024
4,0,82.0,122.0,14.0,14.0,0.95843846
4,0,121.0,386.0,14.0,13.0,0.9581302
4,0,88.0,375.0,15.0,15.0,0.95802546
4,0,17.0,380.0,14.0,12.0,0.9579805
4,0,118.0,81.0,15.0,11.0,0.95710874
4,0,173.0,156.0,13.0,14.0,0.9570993
4,0,20.0,90.0,14.0,12.0,0.9555414
4,0,214.0,518.0,10.0,14.0,0.9551971
4,0,103.0,381.0,12.0,15.0,0.9548442
4,0,145.0,124.0,15.0,12.0,0.9544151
4,0,25.0,516.0,13.0,14.0,0.9539383
4,0,108.0,488.0,15.0,14.0,0.953662
4,0,8.0,129.0,14.0,14.0,0.9531815
4,0,145.0,365.0,16.0,13.0,0.9528332
4,0,192.0,527.0,14.0,13.0,0.9523797
4,0,39.0,53.0,12.0,13.0,0.95233536
4,0,103.0,365.0,12.0,13.0,0.95191824
4,0,192.0,471.0,14.0,14.0,0.95170647
4,0,21.0,501.0,14.0,13.0,0.95121706
4,0,116.0,367.0,15.0,14.0,0.9511934
4,0,126.0,120.0,14.0,17.0,0.95109713
4,0,142.0,30.0,14.0,12.0,0.9510145
4,0,114.0,440.0,13.0,13.0,0.9503855
4,0,123.0,402.0,14.0,12.0,0.9503012
4,0,136.0,159.0,14.0,12.0,0.9494966
4,0,25.0,415.0,13.0,14.0,0.9491041
4,0,136.0,176.0,11.0,10.0,0.94847256
4,0,45.0,169.0,15.0,10.0,0.9481462
4,0,1.0,500.0,14.0,15.0,0.9471624
4,0,131.0,451.0,11.0,10.0,0.9464679
4,0,101.0,69.0,15.0,17.0,0.9464591
4,0,173.0,430.0,11.0,12.0,0.94560784
4,0,185.0,72.0,13.0,12.0,0.9449518
4,0,208.0,8.0,13.0,12.0,0.9448965
4,0,123.0,56.0,12.0,13.0,0.94339234
4,0,40.0,453.0,15.0,12.0,0.94335026
4,0,72.0,52.0,11.0,12.0,0.9432602
4,0,91.0,168.0,14.0,13.0,0.943238
4,0,133.0,143.0,15.0,13.0,0.9427206
4,0,161.0,98.0,14.0,13.0,0.94263935
4,0,96.0,480.0,14.0,15.0,0.9415727
4,0,89.0,435.0,14.0,14.0,0.9398521
4,0,123.0,168.0,14.0,15.0,0.93915766
4,0,107.0,53.0,14.0,14.0,0.93737686
4,0,119.0,143.0,11.0,12.0,0.93732095
4,0,24.0,169.0,15.0,14.0,0.9371343
4,0,21.0,450.0,12.0,14.0,0.93711525
4,0,60.0,403.0,13.0,13.0,0.9355621
4,0,199.0,418.0,12.0,14.0,0.9353849
4,0,41.0,101.0,15.0,14.0,0.935374
4,0,61.0,175.0,13.0,11.0,0.93495774
4,0,74.0,386.0,14.0,16.0,0.9343736
4,0,135.0,376.0,16.0,14.0,0.93394613
4,0,39.0,0.0,16.0,16.0,0.93373615
4,0,21.0,486.0,13.0,13.0,0.9336867
4,0,105.0,115.0,14.0,13.0,0.9331945
4,0,76.0,356.0,10.0,13.0,0.9326611
4,0,31.0,396.0,15.0,16.0,0.9319166
4,0,57.0,137.0,14.0,12.0,0.931411
4,0,69.0,72.0,17.0,15.0,0.9311388
4,0,206.0,73.0,12.0,13.0,0.9311019
4,0,22.0,9.0,15.0,13.0,0.9300871
4,0,189.0,497.0,12.0,13.0,0.9279951
4,0,208.0,443.0,11.0,11.0,0.92789525
4,0,165.0,522.0,11.0,11.0,0.92746
4,0,58.0,6.0,12.0,12.0,0.9272887
4,0,210.0,422.0,13.0,14.0,0.9269296
4,0,86.0,357.0,16.0,13.0,0.9267094
4,0,69.0,2.0,13.0,12.0,0.9259625
4,0,141.0,390.0,15.0,14.0,0.92585003
4,0,186.0,511.0,13.0,14.0,0.9253728
4,0,34.0,358.0,13.0,10.0,0.9250585
4,0,201.0,55.0,13.0,12.0,0.9250396
4,0,212.0,32.0,11.0,9.0,0.92472667
4,0,129.0,433.0,13.0,14.0,0.9242812
4,0,167.0,42.0,14.0,15.0,0.92413074
4,0,67.0,472.0,11.0,14.0,0.92402506
4,0,61.0,97.0,12.0,14.0,0.9233324
4,0,201.0,19.0,15.0,13.0,0.92314416
4,0,7.0,105.0,16.0,14.0,0.92292315
4,0,70.0,497.0,12.0,11.0,0.9207969
4,0,0.0,365.0,12.0,12.0,0.9203872
4,0,215.0,85.0,9.0,13.0,0.9198188
4,0,76.0,435.0,13.0,14.0,0.91957474
4,0,16.0,114.0,14.0,14.0,0.9188158
4,0,11.0,524.0,14.0,12.0,0.9182822
4,0,78.0,518.0,13.0,12.0,0.9180231
4,0,131.0,7.0,14.0,12.0,0.9179891
4,0,73.0,37.0,9.0,12.0,0.9176935
4,0,142.0,43.0,13.0,11.0,0.9175508
4,0,106.0,41.0,12.0,12.0,0.91615117
4,0,2.0,437.0,10.0,12.0,0.91611093
4,0,184.0,87.0,10.0,11.0,0.9157452
4,0,87.0,77.0,10.0,13.0,0.9154353
4,0,202.0,489.0,16.0,14.0,0.9153627
4,0,157.0,342.0,16.0,12.0,0.9146771
4,0,3.0,480.0,15.0,15.0,0.9142633
4,0,203.0,41.0,13.0,11.0,0.91390604
4,0,103.0,129.0,14.0,12.0,0.91263473
4,0,116.0,457.0,14.0,13.0,0.9120943
4,0,161.0,396.0,15.0,14.0,0.9114146
4,0,65.0,517.0,13.0,14.0,0.9113658
4,0,59.0,61.0,14.0,13.0,0.9112619
4,0,119.0,97.0,16.0,14.0,0.91120964
4,0,119.0,16.0,12.0,13.0,0.910305
4,0,84.0,416.0,17.0,14.0,0.9091683
4,0,184.0,117.0,11.0,13.0,0.9091642
4,0,37.0,376.0,12.0,10.0,0.9082928
4,0,64.0,450.0,11.0,14.0,0.9077286
4,0,116.0,518.0,19.0,18.0,0.907258
4,0,55.0,516.0,10.0,13.0,0.90709895
4,0,43.0,71.0,15.0,14.0,0.9061087
4,0,48.0,36.0,15.0,12.0,0.90542006
4,0,161.0,434.0,15.0,16.0,0.90512675
4,0,188.0,46.0,14.0,12.0,0.9050092
4,0,98.0,147.0,16.0,13.0,0.90427333
4,0,188.0,408.0,12.0,10.0,0.9041961
4,0,56.0,434.0,15.0,12.0,0.90412956
4,0,41.0,144.0,13.0,12.0,0.9039621
4,0,168.0,498.0,15.0,14.0,0.90226126
4,0,176.0,521.0,14.0,17.0,0.9014066
4,0,80.0,454.0,16.0,13.0,0.9013607
4,0,133.0,19.0,14.0,11.0,0.90130997
4,0,176.0,63.0,13.0,11.0,0.9005427
4,0,207.0,398.0,13.0,14.0,0.9004768
4,0,17.0,42.0,13.0,9.0,0.90033776
4,0,168.0,123.0,15.0,14.0,0.9002361
4,0,90.0,93.0,18.0,12.0,0.898916
4,0,80.0,505.0,14.0,12.0,0.8988483
4,0,111.0,31.0,11.0,10.0,0.89654344
4,0,19.0,357.0,11.0,12.0,0.8962957
4,0,11.0,364.0,13.0,12.0,0.8956477
4,0,216.0,145.0,8.0,14.0,0.8953793
4,0,68.0,533.0,10.0,10.0,0.89513654
4,0,88.0,398.0,16.0,15.0,0.8947653
4,0,97.0,516.0,14.0,9.0,0.89173394
4,0,62.0,191.0,15.0,11.0,0.8888435
4,0,25.0,75.0,15.0,15.0,0.8884522
4,0,155.0,417.0,13.0,13.0,0.8874452
4,0,204.0,140.0,11.0,15.0,0.8856402
4,0,86.0,61.0,12.0,13.0,0.8849955
4,0,80.0,530.0,14.0,13.0,0.8819845
4,0,103.0,502.0,11.0,13.0,0.88170004
4,0,3.0,515.0,13.0,12.0,0.8815303
4,0,85.0,103.0,16.0,14.0,0.87979937
4,0,178.0,9.0,14.0,13.0,0.87888503
4,0,212.0,170.0,12.0,11.0,0.87734777
4,0,7.0,452.0,14.0,16.0,0.87585455
4,0,56.0,119.0,15.0,14.0,0.8749789
4,0,142.0,427.0,16.0,16.0,0.87472963
4,0,106.0,464.0,14.0,17.0,0.87200725
4,0,7.0,375.0,11.0,10.0,0.87189
4,0,82.0,487.0,15.0,14.0,0.8708242
4,0,180.0,50.0,10.0,12.0,0.8701139
4,0,94.0,8.0,13.0,16.0,0.86929625
4,0,11.0,66.0,14.0,12.0,0.8689309
4,0,35.0,502.0,11.0,12.0,0.8679765
4,0,190.0,134.0,11.0,14.0,0.86791074
4,0,79.0,473.0,16.0,12.0,0.86742634
4,0,124.0,72.0,12.0,11.0,0.866977
4,0,74.0,18.0,13.0,14.0,0.86672705
4,0,109.0,353.0,15.0,14.0,0.8623312
4,0,150.0,71.0,14.0,13.0,0.86142707
4,0,25.0,50.0,11.0,11.0,0.85878664
4,0,0.0,153.0,12.0,16.0,0.8586225
4,0,92.0,504.0,10.0,12.0,0.85750985
4,0,217.0,358.0,7.0,11.0,0.85707504
4,0,99.0,440.0,15.0,16.0,0.8520748
4,0,151.0,455.0,14.0,13.0,0.849163
4,0,19.0,23.0,19.0,16.0,0.84902453
4,0,0.0,385.0,8.0,10.0,0.8479449
4,0,38.0,385.0,13.0,9.0,0.8475139
4,0,11.0,3.0,13.0,11.0,0.84729844
4,0,57.0,160.0,13.0,13.0,0.8460472
4,0,189.0,0.0,14.0,9.0,0.8449616
4,0,157.0,169.0,19.0,8.0,0.84275824
4,0,141.0,77.0,13.0,12.0,0.84273446
4,0,170.0,25.0,16.0,15.0,0.8418826
4,0,105.0,18.0,13.0,14.0,0.84183246
4,0,101.0,527.0,12.0,10.0,0.8401659
4,0,127.0,465.0,14.0,13.0,0.838738
4,0,14.0,154.0,12.0,16.0,0.836753
4,0,150.0,143.0,15.0,11.0,0.833709
4,0,33.0,439.0,14.0,14.0,0.8298695
4,0,50.0,532.0,14.0,11.0,0.82932013
4,0,3.0,43.0,14.0,11.0,0.8290031
4,0,174.0,112.0,11.0,10.0,0.82852775
4,0,0.0,94.0,7.0,11.0,0.8284136
4,0,207.0,457.0,14.0,15.0,0.82811034
4,0,185.0,437.0,10.0,11.0,0.8244504
4,0,195.0,63.0,11.0,13.0,0.82387096
4,0,147.0,61.0,11.0,10.0,0.82360655
4,0,61.0,23.0,13.0,12.0,0.82183164
4,0,215.0,533.0,9.0,10.0,0.82099825
4,0,5.0,169.0,13.0,10.0,0.81670856
4,0,0.0,402.0,13.0,16.0,0.8145575
4,0,26.0,0.0,14.0,9.0,0.8137831
4,0,201.0,92.0,14.0,14.0,0.81338114
4,0,178.0,447.0,12.0,13.0,0.81313443
4,0,209.0,411.0,13.0,11.0,0.80952525
4,0,167.0,79.0,14.0,15.0,0.8071304
4,0,188.0,96.0,14.0,11.0,0.8047691
4,0,45.0,507.0,10.0,12.0,0.8035053
4,0,184.0,171.0,15.0,14.0,0.80200136
4,0,9.0,54.0,13.0,11.0,0.8007661
4,0,153.0,9.0,15.0,16.0,0.8002917
4,0,41.0,419.0,13.0,13.0,0.80014116
4,0,0.0,425.0,9.0,14.0,0.79830873
4,0,165.0,462.0,13.0,12.0,0.79649144
4,0,39.0,520.0,14.0,15.0,0.7955166
4,0,128.0,35.0,12.0,20.0,0.79354554
4,0,127.0,476.0,16.0,15.0,0.7918861
4,0,45.0,365.0,11.0,12.0,0.79073
4,0,135.0,87.0,16.0,15.0,0.78887635
4,0,53.0,452.0,10.0,15.0,0.78864044
4,0,47.0,471.0,14.0,13.0,0.78841454
4,0,72.0,90.0,12.0,15.0,0.78605783
4,0,186.0,424.0,16.0,14.0,0.7829604
4,0,111.0,416.0,15.0,15.0,0.78159964
4,0,217.0,502.0,7.0,16.0,0.77824867
4,0,4.0,81.0,14.0,14.0,0.77513707
4,0,111.0,0.0,15.0,12.0,0.7722298
4,0,192.0,105.0,14.0,14.0,0.7718584
4,0,57.0,502.0,13.0,13.0,0.7703902
4,0,45.0,126.0,13.0,13.0,0.76953465
4,0,27.0,109.0,12.0,16.0,0.76951045
4,0,125.0,534.0,15.0,8.0,0.7655844
4,0,69.0,140.0,13.0,16.0,0.76044613
4,0,203.0,511.0,11.0,14.0,0.7586354
4,0,150.0,469.0,17.0,16.0,0.7535392
4,0,192.0,191.0,14.0,13.0,0.7522474
4,0,46.0,85.0,11.0,14.0,0.74025095
4,0,145.0,104.0,14.0,13.0,0.73607945
4,0,60.0,418.0,17.0,16.0,0.7286933
4,0,82.0,6.0,12.0,15.0,0.72157884
4,0,210.0,0.0,14.0,6.0,0.7156654
4,0,88.0,40.0,16.0,13.0,0.7154204
4,0,62.0,487.0,14.0,11.0,0.71432537
4,0,214.0,158.0,10.0,13.0,0.70418394
4,0,36.0,536.0,12.0,7.0,0.7039537
4,0,214.0,114.0,9.0,12.0,0.7027862
4,0,168.0,536.0,14.0,7.0,0.7000217
4,0,23.0,148.0,19.0,19.0,0.69761807
4,0,23.0,533.0,11.0,10.0,0.6409261
4,0,53.0,47.0,13.0,12.0,0.60739076
4,0,214.0,135.0,10.0,9.0,0.6045568
4,0,144.0,446.0,9.0,10.0,0.5852266
4,0,145.0,516.0,16.0,13.0,0.5628215
4,0,195.0,84.0,11.0,11.0,0.53285146
4,0,148.0,534.0,14.0,9.0,0.5277331
4,0,42.0,494.0,10.0,12.0,0.48880804
4,0,73.0,463.0,15.0,11.0,0.47848395
4,0,46.0,485.0,11.0,12.0,0.46838236
4,0,211.0,126.0,10.0,11.0,0.45600474
4,0,215.0,50.0,8.0,15.0,0.43413383
4,0,53.0,15.0,11.0,11.0,0.4336987
4,0,142.0,496.0,16.0,17.0,0.42680687
4,0,45.0,159.0,11.0,11.0,0.4120997
4,0,60.0,148.0,12.0,9.0,0.39026845
4,0,202.0,165.0,12.0,10.0,0.373572
4,0,0.0,83.0,5.0,11.0,0.34382978
4,0,3.0,18.0,13.0,13.0,0.33816418
4,0,36.0,489.0,8.0,10.0,0.31880364
4,0,214.0,98.0,9.0,12.0,0.31683254
4,0,221.0,71.0,3.0,12.0,0.2832181
4,0,72.0,184.0,10.0,7.0,0.26886418
4,0,0.0,67.0,9.0,13.0,0.2582013
4,0,119.0,39.0,8.0,12.0,0.21977413
4,0,89.0,53.0,11.0,9.0,0.2053498
4,0,144.0,0.0,9.0,5.0,0.18594804
4,0,0.0,534.0,11.0,9.0,0.18461204
4,0,29.0,359.0,5.0,9.0,0.18096125
4,0,171.0,448.0,9.0,10.0,0.1705028
4,0,98.0,539.0,9.0,4.0,0.16374114
4,0,114.0,431.0,12.0,7.0,0.11044871
4,0,49.0,377.0,11.0,15.0,0.08779969
4,0,40.0,475.0,9.0,9.0,0.06108838
4,0,0.0,450.0,6.0,11.0,0.057396
4,0,201.0,131.0,8.0,10.0,0.054009724
5,0,194.0,476.0,14.0,13.0,0.98231274
5,0,145.0,191.0,14.0,12.0,0.97907287
5,0,103.0,365.0,13.0,13.0,0.97871244
5,0,177.0,362.0,15.0,13.0,0.9783472
5,0,145.0,386.0,15.0,14.0,0.9761055
5,0,201.0,347.0,15.0,14.0,0.976071
5,0,136.0,153.0,15.0,14.0,0.9745676
5,0,144.0,365.0,17.0,12.0,0.97402984
5,0,88.0,379.0,14.0,12.0,0.9740064
5,0,81.0,146.0,14.0,13.0,0.9732621
5,0,60.0,95.0,13.0,12.0,0.97052675
5,0,120.0,154.0,14.0,13.0,0.96988666
5,0,118.0,366.0,13.0,12.0,0.969517
5,0,176.0,480.0,15.0,14.0,0.96951354
5,0,117.0,498.0,13.0,13.0,0.9691142
5,0,167.0,373.0,14.0,13.0,0.96888196
5,0,22.0,367.0,13.0,14.0,0.9687487
5,0,136.0,405.0,14.0,14.0,0.9675994
5,0,192.0,389.0,15.0,13.0,0.96569866
5,0,211.0,368.0,13.0,13.0,0.9655425
5,0,145.0,129.0,13.0,12.0,0.9646556
5,0,157.0,178.0,14.0,14.0,0.9644529
5,0,27.0,414.0,13.0,15.0,0.96432245
5,0,25.0,518.0,14.0,15.0,0.96424496
5,0,20.0,93.0,12.0,13.0,0.96421355
5,0,157.0,340.0,16.0,12.0,0.96413964
5,0,40.0,39.0,13.0,12.0,0.9624347
5,0,11.0,418.0,13.0,12.0,0.9623922
5,0,124.0,402.0,12.0,11.0,0.9606129
5,0,65.0,400.0,14.0,13.0,0.9605535
5,0,131.0,75.0,13.0,12.0,0.9604834
5,0,59.0,362.0,14.0,13.0,0.9602
5,0,11.0,454.0,13.0,12.0,0.9600584
5,0,1.0,0.0,12.0,13.0,0.95915186
5,0,38.0,57.0,12.0,13.0,0.9589574
5,0,186.0,95.0,12.0,12.0,0.9588121
5,0,76.0,532.0,15.0,10.0,0.9586065
5,0,25.0,177.0,14.0,14.0,0.958502
5,0,1.0,503.0,13.0,13.0,0.9581434
5,0,65.0,373.0,13.0,13.0,0.95629704
5,0,181.0,0.0,22.0,10.0,0.95544136
5,0,14.0,433.0,15.0,15.0,0.9552959
5,0,40.0,399.0,15.0,14.0,0.95497346
5,0,126.0,125.0,14.0,17.0,0.95465815
5,0,81.0,81.0,12.0,13.0,0.9546373
5,0,92.0,170.0,13.0,13.0,0.9544748
5,0,208.0,443.0,14.0,13.0,0.9536703
5,0,50.0,535.0,18.0,8.0,0.95272624
5,0,72.0,56.0,14.0,12.0,0.95233244
5,0,136.0,89.0,15.0,14.0,0.9518329
5,0,205.0,491.0,17.0,14.0,0.9517717
5,0,173.0,171.0,15.0,12.0,0.9517206
5,0,0.0,158.0,11.0,15.0,0.951667
5,0,37.0,374.0,13.0,11.0,0.95134324
5,0,29.0,469.0,13.0,15.0,0.9509896
5,0,14.0,526.0,12.0,11.0,0.9487622
5,0,134.0,10.0,12.0,13.0,0.94862616
5,0,162.0,164.0,13.0,13.0,0.947918
5,0,136.0,451.0,12.0,11.0,0.9478875
5,0,137.0,24.0,13.0,11.0,0.9477302
5,0,42.0,453.0,14.0,15.0,0.9464778
5,0,67.0,476.0,12.0,12.0,0.9456026
5,0,93.0,10.0,14.0,16.0,0.9453898
5,0,129.0,34.0,13.0,12.0,0.94462097
5,0,73.0,498.0,13.0,13.0,0.94429916
5,0,168.0,206.0,12.0,14.0,0.94336474
5,0,117.0,444.0,11.0,11.0,0.94275737
5,0,89.0,356.0,14.0,13.0,0.94183725
5,0,62.0,144.0,11.0,11.0,0.9418219
5,0,210.0,479.0,13.0,12.0,0.9414729
5,0,27.0,11.0,13.0,13.0,0.9408714
5,0,22.0,383.0,14.0,14.0,0.9403396
5,0,201.0,421.0,11.0,13.0,0.93994343
5,0,185.0,408.0,14.0,14.0,0.9398294
5,0,91.0,438.0,13.0,14.0,0.9390339
5,0,56.0,432.0,14.0,13.0,0.9390329
5,0,39.0,387.0,11.0,10.0,0.93843734
5,0,121.0,388.0,15.0,13.0,0.9380005
5,0,42.0,20.0,12.0,11.0,0.93792135
5,0,191.0,158.0,14.0,14.0,0.93734545
5,0,114.0,72.0,13.0,13.0,0.93718356
5,0,32.0,168.0,14.0,9.0,0.93577904
5,0,19.0,500.0,15.0,16.0,0.9352682
5,0,206.0,77.0,12.0,13.0,0.9351617
5,0,33.0,0.0,13.0,9.0,0.9350887
5,0,31.0,68.0,11.0,12.0,0.9347898
5,0,32.0,142.0,13.0,13.0,0.9343477
5,0,192.0,529.0,15.0,12.0,0.9340965
5,0,42.0,75.0,16.0,14.0,0.9340368
5,0,82.0,123.0,14.0,14.0,0.9321336
5,0,51.0,168.0,23.0,8.0,0.93206716
5,0,121.0,81.0,13.0,12.0,0.9319891
5,0,163.0,525.0,12.0,12.0,0.93102676
5,0,121.0,15.0,13.0,13.0,0.93074226
5,0,13.0,6.0,13.0,12.0,0.9306623
5,0,191.0,499.0,15.0,13.0,0.9298599
5,0,145.0,171.0,14.0,14.0,0.92928654
5,0,186.0,140.0,15.0,14.0,0.92875755
5,0,129.0,432.0,13.0,14.0,0.9281768
5,0,203.0,144.0,13.0,13.0,0.9265142
5,0,174.0,26.0,17.0,14.0,0.92642534
5,0,106.0,465.0,14.0,16.0,0.92613006
5,0,215.0,88.0,9.0,13.0,0.9247603
5,0,87.0,417.0,15.0,14.0,0.9242257
5,0,17.0,74.0,15.0,15.0,0.92369926
5,0,137.0,0.0,16.0,7.0,0.9235962
5,0,160.0,55.0,13.0,13.0,0.92162526
5,0,76.0,389.0,14.0,14.0,0.92042166
5,0,83.0,456.0,18.0,14.0,0.91907835
5,0,180.0,55.0,10.0,11.0,0.9180757
5,0,165.0,393.0,16.0,15.0,0.91784024
5,0,81.0,0.0,14.0,12.0,0.91553223
5,0,166.0,501.0,14.0,12.0,0.9154121
5,0,5.0,516.0,14.0,11.0,0.91511613
5,0,56.0,517.0,11.0,13.0,0.91482145
5,0,136.0,376.0,13.0,12.0,0.91209084
5,0,56.0,193.0,13.0,11.0,0.9117446
5,0,108.0,41.0,12.0,15.0,0.91134083
5,0,12.0,368.0,11.0,11.0,0.91132987
5,0,15.0,157.0,13.0,16.0,0.91110444
5,0,23.0,138.0,9.0,10.0,0.91064423
5,0,103.0,507.0,11.0,11.0,0.9088279
5,0,179.0,452.0,11.0,12.0,0.90817624
5,0,93.0,503.0,9.0,11.0,0.9040943
5,0,66.0,454.0,11.0,14.0,0.9036279
5,0,173.0,45.0,11.0,12.0,0.90351933
5,0,82.0,508.0,12.0,11.0,0.90146065
5,0,38.0,90.0,15.0,13.0,0.9006498
5,0,176.0,525.0,14.0,15.0,0.90050435
5,0,191.0,457.0,11.0,12.0,0.90034074
5,0,148.0,35.0,17.0,12.0,0.89875865
5,0,169.0,116.0,14.0,12.0,0.8986562
5,0,152.0,456.0,14.0,12.0,0.8972368
5,0,0.0,370.0,10.0,9.0,0.89704186
5,0,97.0,482.0,14.0,14.0,0.8956743
5,0,74.0,464.0,13.0,11.0,0.89509344
5,0,64.0,489.0,14.0,13.0,0.894851
5,0,161.0,131.0,13.0,15.0,0.89314234
5,0,215.0,356.0,9.0,14.0,0.89265436
5,0,200.0,54.0,14.0,14.0,0.8920672
5,0,69.0,6.0,13.0,12.0,0.89196056
5,0,24.0,454.0,12.0,17.0,0.89069724
5,0,120.0,43.0,13.0,13.0,0.8901551
5,0,75.0,354.0,12.0,15.0,0.88908815
5,0,108.0,488.0,14.0,16.0,0.8886372
5,0,34.0,357.0,11.0,11.0,0.8877918
5,0,189.0,45.0,11.0,13.0,0.8866877
5,0,40.0,423.0,15.0,14.0,0.88606936
5,0,58.0,0.0,12.0,13.0,0.88598895
5,0,8.0,379.0,11.0,9.0,0.8854005
5,0,185.0,513.0,13.0,14.0,0.88506305
5,0,217.0,522.0,7.0,12.0,0.88385785
5,0,55.0,61.0,15.0,15.0,0.8837126
5,0,1.0,109.0,13.0,15.0,0.88359565
5,0,21.0,488.0,13.0,13.0,0.8832514
5,0,111.0,355.0,12.0,11.0,0.8822596
5,0,119.0,99.0,17.0,17.0,0.88223135
5,0,0.0,175.0,12.0,10.0,0.88095707
5,0,111.0,31.0,14.0,11.0,0.8802878
5,0,94.0,517.0,14.0,10.0,0.878775
5,0,85.0,487.0,16.0,14.0,0.8783973
5,0,126.0,346.0,16.0,13.0,0.8775945
5,0,104.0,20.0,13.0,12.0,0.8774804
5,0,49.0,207.0,15.0,12.0,0.8765336
5,0,216.0,60.0,8.0,15.0,0.8761905
5,0,113.0,516.0,21.0,20.0,0.8748868
5,0,5.0,477.0,15.0,17.0,0.8748349
5,0,198.0,90.0,12.0,11.0,0.8748225
5,0,202.0,20.0,15.0,12.0,0.8737064
5,0,78.0,438.0,12.0,17.0,0.8736707
5,0,207.0,400.0,10.0,14.0,0.87288064
5,0,91.0,98.0,13.0,12.0,0.8723293
5,0,93.0,527.0,13.0,11.0,0.87083226
5,0,93.0,66.0,14.0,15.0,0.8693659
5,0,20.0,46.0,13.0,10.0,0.86870897
5,0,64.0,23.0,10.0,14.0,0.8683385
5,0,150.0,470.0,16.0,17.0,0.8680898
5,0,49.0,384.0,14.0,13.0,0.86730087
5,0,19.0,357.0,10.0,9.0,0.866008
5,0,96.0,82.0,15.0,14.0,0.86507446
5,0,103.0,442.0,14.0,15.0,0.86016315
5,0,131.0,57.0,12.0,14.0,0.8595609
5,0,144.0,430.0,14.0,13.0,0.85916317
5,0,150.0,71.0,13.0,13.0,0.858438
5,0,210.0,424.0,13.0,14.0,0.8575965
5,0,2.0,442.0,10.0,10.0,0.8568031
5,0,79.0,520.0,11.0,10.0,0.85564363
5,0,80.0,474.0,15.0,13.0,0.85519284
5,0,0.0,13.0,8.0,11.0,0.85359406
5,0,117.0,456.0,15.0,14.0,0.8535188
5,0,209.0,10.0,13.0,12.0,0.8533024
5,0,159.0,413.0,14.0,15.0,0.8532527
5,0,0.0,387.0,9.0,10.0,0.8513114
5,0,121.0,171.0,16.0,13.0,0.8512398
5,0,123.0,533.0,16.0,10.0,0.84752136
5,0,75.0,37.0,10.0,12.0,0.8469543
5,0,170.0,464.0,12.0,13.0,0.8450208
5,0,186.0,110.0,14.0,14.0,0.8444146
5,0,0.0,34.0,14.0,12.0,0.8441784
5,0,0.0,407.0,15.0,16.0,0.84342027
5,0,173.0,432.0,10.0,11.0,0.842974
5,0,66.0,71.0,16.0,15.0,0.84253764
5,0,119.0,59.0,13.0,12.0,0.8385382
5,0,74.0,97.0,11.0,14.0,0.8375961
5,0,138.0,503.0,15.0,16.0,0.8366362
5,0,102.0,138.0,14.0,10.0,0.83608073
5,0,131.0,356.0,13.0,13.0,0.83412147
5,0,202.0,458.0,14.0,16.0,0.8339869
5,0,215.0,138.0,9.0,9.0,0.83299106
5,0,91.0,400.0,14.0,15.0,0.8325024
5,0,53.0,38.0,12.0,11.0,0.82949877
5,0,59.0,119.0,17.0,19.0,0.82947594
5,0,197.0,34.0,14.0,13.0,0.8281989
5,0,162.0,102.0,13.0,13.0,0.82804406
5,0,26.0,56.0,13.0,13.0,0.82476723
5,0,67.0,514.0,13.0,14.0,0.8245321
5,0,9.0,133.0,12.0,15.0,0.82452965
5,0,184.0,440.0,14.0,11.0,0.8154852
5,0,179.0,11.0,15.0,13.0,0.81535214
5,0,71.0,153.0,10.0,13.0,0.8126578
5,0,36.0,505.0,10.0,13.0,0.8118189
5,0,108.0,126.0,13.0,11.0,0.80996686
5,0,32.0,535.0,18.0,8.0,0.8078191
5,0,52.0,18.0,13.0,15.0,0.80647427
5,0,184.0,121.0,13.0,14.0,0.7985902
5,0,177.0,66.0,14.0,12.0,0.79773337
5,0,210.0,0.0,12.0,9.0,0.79757583
5,0,57.0,503.0,15.0,15.0,0.795929
5,0,210.0,161.0,13.0,13.0,0.79577255
5,0,7.0,84.0,13.0,17.0,0.78211063
5,0,9.0,66.0,13.0,12.0,0.7805958
5,0,111.0,0.0,17.0,12.0,0.77649665
5,0,216.0,173.0,8.0,13.0,0.77255964
5,0,201.0,169.0,14.0,15.0,0.771331
5,0,161.0,434.0,14.0,14.0,0.77007776
5,0,42.0,128.0,17.0,15.0,0.76794285
5,0,76.0,22.0,12.0,14.0,0.7666691
5,0,135.0,177.0,10.0,13.0,0.76641244
5,0,27.0,113.0,12.0,16.0,0.7660737
5,0,204.0,102.0,13.0,12.0,0.76109695
5,0,0.0,454.0,8.0,11.0,0.7609776
5,0,211.0,32.0,11.0,13.0,0.75554734
5,0,202.0,115.0,10.0,12.0,0.7507546
5,0,156.0,65.0,9.0,9.0,0.7503023
5,0,110.0,415.0,16.0,17.0,0.75022507
5,0,43.0,5.0,14.0,14.0,0.7488995
5,0,146.0,442.0,14.0,13.0,0.7446175
5,0,171.0,129.0,13.0,13.0,0.74432385
5,0,169.0,82.0,14.0,16.0,0.7435714
5,0,5.0,46.0,12.0,11.0,0.7371437
5,0,199.0,199.0,15.0,13.0,0.73407966
5,0,190.0,182.0,10.0,13.0,0.72971636
5,0,144.0,48.0,13.0,11.0,0.72743887
5,0,216.0,42.0,8.0,15.0,0.72458977
5,0,41.0,105.0,16.0,14.0,0.7243017
5,0,26.0,25.0,14.0,15.0,0.70921266
5,0,46.0,362.0,10.0,12.0,0.7072488
5,0,206.0,515.0,11.0,12.0,0.7003588
5,0,189.0,77.0,12.0,13.0,0.6998873
5,0,102.0,148.0,16.0,14.0,0.69771254
5,0,152.0,517.0,16.0,14.0,0.6964494
5,0,33.0,440.0,13.0,14.0,0.6856358
5,0,0.0,534.0,11.0,9.0,0.6788566
5,0,14.0,116.0,15.0,16.0,0.6713443
5,0,0.0,431.0,9.0,9.0,0.6701678
5,0,145.0,106.0,15.0,16.0,0.6665325
5,0,103.0,383.0,11.0,16.0,0.66526747
5,0,185.0,426.0,16.0,14.0,0.65757656
5,0,128.0,477.0,12.0,14.0,0.65548277
5,0,47.0,472.0,15.0,13.0,0.6350713
5,0,84.0,110.0,14.0,12.0,0.62256247
5,0,88.0,42.0,16.0,12.0,0.62213737
5,0,151.0,10.0,16.0,17.0,0.6176721
5,0,50.0,50.0,13.0,10.0,0.6150925
5,0,215.0,414.0,9.0,10.0,0.601688
5,0,49.0,174.0,16.0,14.0,0.59420884
5,0,82.0,12.0,11.0,11.0,0.5846469
5,0,218.0,145.0,6.0,14.0,0.58409745
5,0,42.0,494.0,10.0,12.0,0.56136966
5,0,0.0,98.0,7.0,11.0,0.56088144
5,0,40.0,522.0,14.0,14.0,0.5591249
5,0,88.0,56.0,15.0,10.0,0.5516805
5,0,166.0,486.0,10.0,12.0,0.5353324
5,0,64.0,422.0,12.0,12.0,0.50674665
5,0,47.0,159.0,11.0,11.0,0.4863423
5,0,61.0,205.0,12.0,7.0,0.48040137
5,0,157.0,448.0,8.0,8.0,0.45335242
5,0,47.0,510.0,11.0,10.0,0.44730175
5,0,211.0,127.0,10.0,10.0,0.44623888
5,0,211.0,114.0,11.0,11.0,0.40919942
5,0,11.0,19.0,12.0,14.0,0.36021122
5,0,55.0,485.0,10.0,11.0,0.3496927
5,0,0.0,143.0,5.0,11.0,0.34328058
5,0,66.0,535.0,11.0,8.0,0.32445067
5,0,216.0,507.0,8.0,16.0,0.32160565
5,0,153.0,151.0,14.0,14.0,0.30530414
5,0,0.0,74.0,6.0,11.0,0.29140005
5,0,80.0,367.0,12.0,10.0,0.28192523
5,0,118.0,431.0,10.0,9.0,0.28169852
5,0,0.0,86.0,9.0,12.0,0.27342802
5,0,149.0,536.0,13.0,7.0,0.27291578
5,0,203.0,127.0,9.0,12.0,0.23572338
5,0,138.0,488.0,15.0,15.0,0.2336889
5,0,130.0,464.0,17.0,14.0,0.22949786
5,0,213.0,537.0,11.0,6.0,0.2275592
5,0,55.0,495.0,9.0,10.0,0.20489717
5,0,173.0,422.0,10.0,9.0,0.18303996
5,0,106.0,408.0,14.0,8.0,0.14640237
5,0,170.0,452.0,10.0,9.0,0.11605689
5,0,18.0,537.0,13.0,6.0,0.10691552
5,0,0.0,54.0,7.0,14.0,0.10476279
5,0,209.0,181.0,8.0,13.0,0.08349831
5,0,161.0,210.0,8.0,12.0,0.07410897
5,0,0.0,24.0,8.0,7.0,0.07364918
5,0,144.0,523.0,11.0,11.0,0.062617615
5,0,174.0,97.0,8.0,13.0,0.060371827
5,0,190.0,488.0,11.0,10.0,0.058526125
5,0,0.0,360.0,5.0,8.0,0.054717466
