1,1,165.0,404.0,13.0,13.0,-1,-1,-1,-1
1,2,79.0,151.0,13.0,14.0,-1,-1,-1,-1
1,3,48.0,379.0,13.0,12.0,-1,-1,-1,-1
1,4,190.0,518.0,15.0,14.0,-1,-1,-1,-1
1,5,206.0,97.0,15.0,13.0,-1,-1,-1,-1
1,6,105.0,470.0,15.0,15.0,-1,-1,-1,-1
1,7,154.0,75.0,14.0,14.0,-1,-1,-1,-1
1,8,33.0,434.0,13.0,12.0,-1,-1,-1,-1
1,9,75.0,132.0,13.0,14.0,-1,-1,-1,-1
1,10,187.0,498.0,12.0,10.0,-1,-1,-1,-1
1,11,155.0,533.0,14.0,10.0,-1,-1,-1,-1
1,12,0.0,435.0,8.0,13.0,-1,-1,-1,-1
1,13,104.0,390.0,10.0,15.0,-1,-1,-1,-1
1,14,43.0,119.0,14.0,15.0,-1,-1,-1,-1
1,15,0.0,358.0,6.0,14.0,-1,-1,-1,-1
2,16,145.0,409.0,14.0,13.0,-1,-1,-1,-1
2,17,16.0,0.0,14.0,9.0,-1,-1,-1,-1
2,18,201.0,115.0,11.0,11.0,-1,-1,-1,-1
2,19,59.0,10.0,14.0,15.0,-1,-1,-1,-1
2,20,207.0,415.0,14.0,10.0,-1,-1,-1,-1
1,21,177.0,196.0,15.0,13.0,-1,-1,-1,-1
2,21,178.0,197.0,14.0,12.0,-1,-1,-1,-1
1,22,0.0,370.0,11.0,12.0,-1,-1,-1,-1
2,22,0.0,369.0,9.0,14.0,-1,-1,-1,-1
1,23,192.0,106.0,12.0,11.0,-1,-1,-1,-1
2,23,184.0,105.0,14.0,13.0,-1,-1,-1,-1
1,24,119.0,45.0,12.0,15.0,-1,-1,-1,-1
2,24,118.0,43.0,14.0,16.0,-1,-1,-1,-1
1,25,145.0,104.0,13.0,14.0,-1,-1,-1,-1
2,25,144.0,104.0,14.0,16.0,-1,-1,-1,-1
1,26,85.0,6.0,13.0,12.0,-1,-1,-1,-1
2,26,82.0,6.0,13.0,11.0,-1,-1,-1,-1
1,27,65.0,426.0,13.0,13.0,-1,-1,-1,-1
2,27,62.0,428.0,17.0,13.0,-1,-1,-1,-1
1,28,124.0,169.0,14.0,10.0,-1,-1,-1,-1
2,28,122.0,172.0,13.0,12.0,-1,-1,-1,-1
1,29,154.0,139.0,15.0,13.0,-1,-1,-1,-1
2,29,158.0,131.0,13.0,14.0,-1,-1,-1,-1
1,30,213.0,377.0,11.0,12.0,-1,-1,-1,-1
2,30,216.0,369.0,8.0,15.0,-1,-1,-1,-1
1,31,30.0,47.0,13.0,14.0,-1,-1,-1,-1
2,31,29.0,50.0,13.0,14.0,-1,-1,-1,-1
1,32,40.0,450.0,14.0,16.0,-1,-1,-1,-1
2,32,35.0,454.0,12.0,14.0,-1,-1,-1,-1
1,33,189.0,452.0,12.0,12.0,-1,-1,-1,-1
2,33,188.0,453.0,13.0,11.0,-1,-1,-1,-1
1,34,165.0,465.0,14.0,10.0,-1,-1,-1,-1
2,34,166.0,464.0,11.0,13.0,-1,-1,-1,-1
1,35,34.0,486.0,12.0,10.0,-1,-1,-1,-1
2,35,35.0,485.0,11.0,11.0,-1,-1,-1,-1
1,36,150.0,496.0,15.0,17.0,-1,-1,-1,-1
2,36,145.0,499.0,19.0,19.0,-1,-1,-1,-1
1,37,163.0,89.0,14.0,18.0,-1,-1,-1,-1
2,37,162.0,89.0,14.0,18.0,-1,-1,-1,-1
1,38,146.0,129.0,13.0,13.0,-1,-1,-1,-1
2,38,145.0,137.0,13.0,13.0,-1,-1,-1,-1
1,39,131.0,55.0,15.0,17.0,-1,-1,-1,-1
2,39,129.0,56.0,14.0,13.0,-1,-1,-1,-1
1,40,186.0,530.0,15.0,13.0,-1,-1,-1,-1
2,40,178.0,528.0,15.0,14.0,-1,-1,-1,-1
1,41,88.0,535.0,16.0,8.0,-1,-1,-1,-1
2,41,88.0,536.0,17.0,7.0,-1,-1,-1,-1
1,42,153.0,382.0,16.0,9.0,-1,-1,-1,-1
2,42,145.0,391.0,14.0,13.0,-1,-1,-1,-1
1,43,179.0,0.0,12.0,13.0,-1,-1,-1,-1
2,43,178.0,0.0,14.0,12.0,-1,-1,-1,-1
1,44,216.0,502.0,8.0,20.0,-1,-1,-1,-1
2,44,216.0,506.0,8.0,17.0,-1,-1,-1,-1
1,45,169.0,480.0,14.0,14.0,-1,-1,-1,-1
2,45,169.0,481.0,14.0,15.0,-1,-1,-1,-1
1,46,126.0,80.0,13.0,10.0,-1,-1,-1,-1
2,46,135.0,73.0,11.0,13.0,-1,-1,-1,-1
3,47,84.0,5.0,13.0,14.0,-1,-1,-1,-1
3,48,0.0,454.0,6.0,11.0,-1,-1,-1,-1
3,49,212.0,49.0,12.0,13.0,-1,-1,-1,-1
3,50,152.0,531.0,15.0,12.0,-1,-1,-1,-1
2,51,171.0,169.0,13.0,13.0,-1,-1,-1,-1
3,51,166.0,157.0,12.0,13.0,-1,-1,-1,-1
2,52,23.0,535.0,16.0,8.0,-1,-1,-1,-1
3,52,24.0,535.0,16.0,8.0,-1,-1,-1,-1
2,53,86.0,56.0,15.0,12.0,-1,-1,-1,-1
3,53,87.0,53.0,14.0,12.0,-1,-1,-1,-1
2,54,190.0,94.0,12.0,12.0,-1,-1,-1,-1
3,54,195.0,87.0,13.0,14.0,-1,-1,-1,-1
2,55,214.0,0.0,10.0,9.0,-1,-1,-1,-1
3,55,214.0,0.0,10.0,8.0,-1,-1,-1,-1
1,56,1.0,132.0,13.0,11.0,-1,-1,-1,-1
2,56,1.0,129.0,9.0,14.0,-1,-1,-1,-1
3,56,0.0,120.0,8.0,14.0,-1,-1,-1,-1
1,57,64.0,23.0,11.0,10.0,-1,-1,-1,-1
2,57,62.0,25.0,13.0,14.0,-1,-1,-1,-1
3,57,64.0,26.0,14.0,13.0,-1,-1,-1,-1
1,58,0.0,144.0,11.0,11.0,-1,-1,-1,-1
2,58,0.0,143.0,9.0,11.0,-1,-1,-1,-1
3,58,0.0,143.0,10.0,10.0,-1,-1,-1,-1
1,59,8.0,86.0,14.0,14.0,-1,-1,-1,-1
2,59,4.0,86.0,14.0,15.0,-1,-1,-1,-1
3,59,0.0,86.0,8.0,13.0,-1,-1,-1,-1
1,60,205.0,145.0,11.0,13.0,-1,-1,-1,-1
2,60,203.0,146.0,12.0,13.0,-1,-1,-1,-1
3,60,206.0,145.0,10.0,14.0,-1,-1,-1,-1
1,61,6.0,43.0,12.0,11.0,-1,-1,-1,-1
2,61,6.0,46.0,11.0,12.0,-1,-1,-1,-1
3,61,9.0,46.0,11.0,12.0,-1,-1,-1,-1
1,62,147.0,0.0,13.0,5.0,-1,-1,-1,-1
2,62,146.0,0.0,13.0,7.0,-1,-1,-1,-1
3,62,145.0,0.0,14.0,5.0,-1,-1,-1,-1
1,63,50.0,3.0,13.0,13.0,-1,-1,-1,-1
2,63,49.0,1.0,14.0,13.0,-1,-1,-1,-1
3,63,57.0,0.0,13.0,9.0,-1,-1,-1,-1
1,64,87.0,29.0,12.0,13.0,-1,-1,-1,-1
2,64,85.0,31.0,15.0,14.0,-1,-1,-1,-1
3,64,88.0,33.0,15.0,12.0,-1,-1,-1,-1
1,65,0.0,55.0,14.0,15.0,-1,-1,-1,-1
2,65,0.0,56.0,12.0,14.0,-1,-1,-1,-1
3,65,0.0,62.0,12.0,14.0,-1,-1,-1,-1
1,66,109.0,71.0,9.0,12.0,-1,-1,-1,-1
2,66,104.0,72.0,15.0,15.0,-1,-1,-1,-1
3,66,105.0,73.0,14.0,16.0,-1,-1,-1,-1
1,67,61.0,488.0,14.0,15.0,-1,-1,-1,-1
2,67,62.0,490.0,14.0,12.0,-1,-1,-1,-1
3,67,63.0,488.0,15.0,13.0,-1,-1,-1,-1
1,68,76.0,414.0,15.0,16.0,-1,-1,-1,-1
2,68,74.0,415.0,15.0,14.0,-1,-1,-1,-1
3,68,63.0,422.0,14.0,14.0,-1,-1,-1,-1
1,69,146.0,519.0,20.0,18.0,-1,-1,-1,-1
2,69,146.0,519.0,20.0,18.0,-1,-1,-1,-1
3,69,151.0,518.0,16.0,13.0,-1,-1,-1,-1
1,70,56.0,40.0,14.0,16.0,-1,-1,-1,-1
2,70,55.0,45.0,14.0,15.0,-1,-1,-1,-1
3,70,57.0,44.0,15.0,15.0,-1,-1,-1,-1
1,71,89.0,43.0,15.0,15.0,-1,-1,-1,-1
2,71,86.0,45.0,16.0,12.0,-1,-1,-1,-1
3,71,89.0,43.0,12.0,12.0,-1,-1,-1,-1
1,72,74.0,171.0,14.0,13.0,-1,-1,-1,-1
2,72,73.0,170.0,15.0,13.0,-1,-1,-1,-1
3,72,74.0,170.0,14.0,14.0,-1,-1,-1,-1
1,73,45.0,152.0,13.0,10.0,-1,-1,-1,-1
3,73,47.0,157.0,11.0,9.0,-1,-1,-1,-1
4,74,61.0,175.0,13.0,11.0,-1,-1,-1,-1
4,75,33.0,439.0,14.0,14.0,-1,-1,-1,-1
4,76,215.0,533.0,9.0,10.0,-1,-1,-1,-1
4,77,209.0,411.0,13.0,11.0,-1,-1,-1,-1
4,78,45.0,365.0,11.0,12.0,-1,-1,-1,-1
4,79,217.0,502.0,7.0,16.0,-1,-1,-1,-1
4,80,203.0,511.0,11.0,14.0,-1,-1,-1,-1
3,81,184.0,86.0,11.0,13.0,-1,-1,-1,-1
4,81,184.0,87.0,10.0,11.0,-1,-1,-1,-1
3,82,105.0,382.0,14.0,10.0,-1,-1,-1,-1
4,82,103.0,381.0,12.0,15.0,-1,-1,-1,-1
3,83,181.0,74.0,11.0,12.0,-1,-1,-1,-1
4,83,185.0,72.0,13.0,12.0,-1,-1,-1,-1
3,84,70.0,535.0,12.0,8.0,-1,-1,-1,-1
4,84,68.0,533.0,10.0,10.0,-1,-1,-1,-1
3,85,19.0,23.0,18.0,15.0,-1,-1,-1,-1
4,85,19.0,23.0,19.0,16.0,-1,-1,-1,-1
3,86,0.0,430.0,11.0,12.0,-1,-1,-1,-1
4,86,0.0,425.0,9.0,14.0,-1,-1,-1,-1
3,87,2.0,34.0,13.0,12.0,-1,-1,-1,-1
4,87,3.0,43.0,14.0,11.0,-1,-1,-1,-1
3,88,40.0,522.0,15.0,13.0,-1,-1,-1,-1
4,88,39.0,520.0,14.0,15.0,-1,-1,-1,-1
2,89,188.0,72.0,15.0,15.0,-1,-1,-1,-1
3,89,193.0,69.0,13.0,14.0,-1,-1,-1,-1
4,89,195.0,63.0,11.0,13.0,-1,-1,-1,-1
2,90,105.0,535.0,15.0,8.0,-1,-1,-1,-1
3,90,104.0,529.0,14.0,14.0,-1,-1,-1,-1
4,90,101.0,527.0,12.0,10.0,-1,-1,-1,-1
2,91,45.0,514.0,11.0,11.0,-1,-1,-1,-1
3,91,47.0,510.0,10.0,11.0,-1,-1,-1,-1
4,91,45.0,507.0,10.0,12.0,-1,-1,-1,-1
2,92,185.0,441.0,14.0,13.0,-1,-1,-1,-1
3,92,188.0,438.0,12.0,12.0,-1,-1,-1,-1
4,92,185.0,437.0,10.0,11.0,-1,-1,-1,-1
1,93,134.0,467.0,14.0,15.0,-1,-1,-1,-1
2,93,130.0,467.0,14.0,14.0,-1,-1,-1,-1
3,93,131.0,465.0,14.0,15.0,-1,-1,-1,-1
4,93,127.0,465.0,14.0,13.0,-1,-1,-1,-1
1,94,105.0,147.0,14.0,14.0,-1,-1,-1,-1
2,94,101.0,147.0,16.0,17.0,-1,-1,-1,-1
3,94,103.0,146.0,16.0,16.0,-1,-1,-1,-1
4,94,98.0,147.0,16.0,13.0,-1,-1,-1,-1
1,95,97.0,93.0,15.0,12.0,-1,-1,-1,-1
2,95,96.0,91.0,15.0,13.0,-1,-1,-1,-1
3,95,95.0,92.0,15.0,12.0,-1,-1,-1,-1
4,95,90.0,93.0,18.0,12.0,-1,-1,-1,-1
1,96,183.0,173.0,13.0,11.0,-1,-1,-1,-1
2,96,183.0,175.0,12.0,12.0,-1,-1,-1,-1
3,96,181.0,185.0,12.0,12.0,-1,-1,-1,-1
4,96,192.0,191.0,14.0,13.0,-1,-1,-1,-1
1,97,7.0,382.0,11.0,10.0,-1,-1,-1,-1
2,97,7.0,380.0,9.0,11.0,-1,-1,-1,-1
3,97,6.0,377.0,12.0,11.0,-1,-1,-1,-1
4,97,7.0,375.0,11.0,10.0,-1,-1,-1,-1
1,98,122.0,144.0,14.0,13.0,-1,-1,-1,-1
2,98,123.0,154.0,14.0,11.0,-1,-1,-1,-1
3,98,127.0,156.0,16.0,12.0,-1,-1,-1,-1
4,98,136.0,159.0,14.0,12.0,-1,-1,-1,-1
1,99,10.0,64.0,14.0,14.0,-1,-1,-1,-1
2,99,11.0,63.0,14.0,13.0,-1,-1,-1,-1
3,99,12.0,57.0,15.0,13.0,-1,-1,-1,-1
4,99,9.0,54.0,13.0,11.0,-1,-1,-1,-1
1,100,88.0,490.0,16.0,15.0,-1,-1,-1,-1
2,100,84.0,489.0,18.0,18.0,-1,-1,-1,-1
3,100,85.0,489.0,16.0,15.0,-1,-1,-1,-1
4,100,82.0,487.0,15.0,14.0,-1,-1,-1,-1
1,101,165.0,154.0,15.0,15.0,-1,-1,-1,-1
2,101,158.0,147.0,15.0,15.0,-1,-1,-1,-1
3,101,152.0,142.0,14.0,15.0,-1,-1,-1,-1
4,101,150.0,143.0,15.0,11.0,-1,-1,-1,-1
1,102,29.0,0.0,16.0,15.0,-1,-1,-1,-1
2,102,32.0,1.0,15.0,14.0,-1,-1,-1,-1
3,102,36.0,0.0,17.0,14.0,-1,-1,-1,-1
4,102,39.0,0.0,16.0,16.0,-1,-1,-1,-1
1,103,130.0,488.0,15.0,17.0,-1,-1,-1,-1
2,103,131.0,486.0,13.0,14.0,-1,-1,-1,-1
3,103,129.0,481.0,16.0,15.0,-1,-1,-1,-1
4,103,127.0,476.0,16.0,15.0,-1,-1,-1,-1
1,104,210.0,50.0,13.0,11.0,-1,-1,-1,-1
2,104,211.0,46.0,12.0,11.0,-1,-1,-1,-1
3,104,215.0,35.0,9.0,11.0,-1,-1,-1,-1
4,104,212.0,32.0,11.0,9.0,-1,-1,-1,-1
1,105,66.0,477.0,13.0,12.0,-1,-1,-1,-1
2,105,66.0,476.0,13.0,13.0,-1,-1,-1,-1
3,105,66.0,474.0,13.0,14.0,-1,-1,-1,-1
4,105,67.0,472.0,11.0,14.0,-1,-1,-1,-1
1,106,53.0,460.0,14.0,12.0,-1,-1,-1,-1
2,106,49.0,457.0,11.0,12.0,-1,-1,-1,-1
3,106,39.0,454.0,14.0,14.0,-1,-1,-1,-1
4,106,40.0,453.0,15.0,12.0,-1,-1,-1,-1
1,107,39.0,100.0,15.0,14.0,-1,-1,-1,-1
2,107,39.0,101.0,15.0,15.0,-1,-1,-1,-1
3,107,41.0,102.0,15.0,13.0,-1,-1,-1,-1
4,107,41.0,101.0,15.0,14.0,-1,-1,-1,-1
1,108,77.0,437.0,15.0,15.0,-1,-1,-1,-1
2,108,75.0,439.0,14.0,14.0,-1,-1,-1,-1
3,108,78.0,437.0,12.0,14.0,-1,-1,-1,-1
4,108,76.0,435.0,13.0,14.0,-1,-1,-1,-1
1,109,89.0,440.0,15.0,14.0,-1,-1,-1,-1
2,109,89.0,440.0,15.0,14.0,-1,-1,-1,-1
3,109,90.0,436.0,14.0,17.0,-1,-1,-1,-1
4,109,89.0,435.0,14.0,14.0,-1,-1,-1,-1
1,110,16.0,110.0,12.0,14.0,-1,-1,-1,-1
2,110,15.0,115.0,12.0,13.0,-1,-1,-1,-1
3,110,18.0,114.0,13.0,14.0,-1,-1,-1,-1
4,110,16.0,114.0,14.0,14.0,-1,-1,-1,-1
1,111,1.0,103.0,14.0,12.0,-1,-1,-1,-1
2,111,7.0,104.0,14.0,13.0,-1,-1,-1,-1
3,111,11.0,103.0,16.0,14.0,-1,-1,-1,-1
4,111,7.0,105.0,16.0,14.0,-1,-1,-1,-1
1,112,2.0,117.0,13.0,13.0,-1,-1,-1,-1
2,112,0.0,114.0,9.0,11.0,-1,-1,-1,-1
3,112,0.0,102.0,10.0,12.0,-1,-1,-1,-1
4,112,0.0,94.0,7.0,11.0,-1,-1,-1,-1
1,113,191.0,39.0,14.0,14.0,-1,-1,-1,-1
2,113,195.0,40.0,12.0,14.0,-1,-1,-1,-1
3,113,200.0,34.0,14.0,12.0,-1,-1,-1,-1
4,113,203.0,41.0,13.0,11.0,-1,-1,-1,-1
1,114,185.0,426.0,17.0,13.0,-1,-1,-1,-1
2,114,189.0,428.0,13.0,14.0,-1,-1,-1,-1
3,114,191.0,426.0,16.0,14.0,-1,-1,-1,-1
4,114,186.0,424.0,16.0,14.0,-1,-1,-1,-1
1,115,177.0,75.0,14.0,13.0,-1,-1,-1,-1
2,115,176.0,77.0,12.0,13.0,-1,-1,-1,-1
3,115,169.0,83.0,12.0,18.0,-1,-1,-1,-1
4,115,167.0,79.0,14.0,15.0,-1,-1,-1,-1
5,116,145.0,191.0,14.0,12.0,-1,-1,-1,-1
5,117,73.0,498.0,13.0,13.0,-1,-1,-1,-1
5,118,145.0,171.0,14.0,14.0,-1,-1,-1,-1
5,119,160.0,55.0,13.0,13.0,-1,-1,-1,-1
5,120,83.0,456.0,18.0,14.0,-1,-1,-1,-1
5,121,81.0,0.0,14.0,12.0,-1,-1,-1,-1
5,122,179.0,452.0,11.0,12.0,-1,-1,-1,-1
5,123,82.0,508.0,12.0,11.0,-1,-1,-1,-1
5,124,38.0,90.0,15.0,13.0,-1,-1,-1,-1
5,125,8.0,379.0,11.0,9.0,-1,-1,-1,-1
5,126,1.0,109.0,13.0,15.0,-1,-1,-1,-1
5,127,49.0,207.0,15.0,12.0,-1,-1,-1,-1
5,128,216.0,60.0,8.0,15.0,-1,-1,-1,-1
5,129,93.0,527.0,13.0,11.0,-1,-1,-1,-1
5,130,49.0,384.0,14.0,13.0,-1,-1,-1,-1
5,131,103.0,442.0,14.0,15.0,-1,-1,-1,-1
5,132,80.0,474.0,15.0,13.0,-1,-1,-1,-1
5,133,0.0,13.0,8.0,11.0,-1,-1,-1,-1
5,134,209.0,10.0,13.0,12.0,-1,-1,-1,-1
5,135,0.0,34.0,14.0,12.0,-1,-1,-1,-1
5,136,138.0,503.0,15.0,16.0,-1,-1,-1,-1
5,137,131.0,356.0,13.0,13.0,-1,-1,-1,-1
5,138,32.0,535.0,18.0,8.0,-1,-1,-1,-1
5,139,52.0,18.0,13.0,15.0,-1,-1,-1,-1
5,140,210.0,161.0,13.0,13.0,-1,-1,-1,-1
5,141,204.0,102.0,13.0,12.0,-1,-1,-1,-1
5,142,0.0,454.0,8.0,11.0,-1,-1,-1,-1
5,143,211.0,32.0,11.0,13.0,-1,-1,-1,-1
5,144,202.0,115.0,10.0,12.0,-1,-1,-1,-1
4,145,145.0,365.0,16.0,13.0,-1,-1,-1,-1
5,145,144.0,365.0,17.0,12.0,-1,-1,-1,-1
4,146,25.0,415.0,13.0,14.0,-1,-1,-1,-1
5,146,27.0,414.0,13.0,15.0,-1,-1,-1,-1
4,147,107.0,53.0,14.0,14.0,-1,-1,-1,-1
5,147,119.0,59.0,13.0,12.0,-1,-1,-1,-1
4,148,186.0,511.0,13.0,14.0,-1,-1,-1,-1
5,148,185.0,513.0,13.0,14.0,-1,-1,-1,-1
4,149,161.0,434.0,15.0,16.0,-1,-1,-1,-1
5,149,161.0,434.0,14.0,14.0,-1,-1,-1,-1
4,150,176.0,521.0,14.0,17.0,-1,-1,-1,-1
5,150,176.0,525.0,14.0,15.0,-1,-1,-1,-1
4,151,11.0,364.0,13.0,12.0,-1,-1,-1,-1
5,151,12.0,368.0,11.0,11.0,-1,-1,-1,-1
4,152,25.0,75.0,15.0,15.0,-1,-1,-1,-1
5,152,17.0,74.0,15.0,15.0,-1,-1,-1,-1
4,153,204.0,140.0,11.0,15.0,-1,-1,-1,-1
5,153,203.0,144.0,13.0,13.0,-1,-1,-1,-1
4,154,80.0,530.0,14.0,13.0,-1,-1,-1,-1
5,154,76.0,532.0,15.0,10.0,-1,-1,-1,-1
4,155,124.0,72.0,12.0,11.0,-1,-1,-1,-1
5,155,114.0,72.0,13.0,13.0,-1,-1,-1,-1
4,156,217.0,358.0,7.0,11.0,-1,-1,-1,-1
5,156,215.0,356.0,9.0,14.0,-1,-1,-1,-1
4,157,174.0,112.0,11.0,10.0,-1,-1,-1,-1
5,157,169.0,116.0,14.0,12.0,-1,-1,-1,-1
4,158,207.0,457.0,14.0,15.0,-1,-1,-1,-1
5,158,202.0,458.0,14.0,16.0,-1,-1,-1,-1
4,159,26.0,0.0,14.0,9.0,-1,-1,-1,-1
5,159,33.0,0.0,13.0,9.0,-1,-1,-1,-1
4,160,153.0,9.0,15.0,16.0,-1,-1,-1,-1
5,160,137.0,0.0,16.0,7.0,-1,-1,-1,-1
4,161,45.0,126.0,13.0,13.0,-1,-1,-1,-1
5,161,42.0,128.0,17.0,15.0,-1,-1,-1,-1
4,162,125.0,534.0,15.0,8.0,-1,-1,-1,-1
5,162,123.0,533.0,16.0,10.0,-1,-1,-1,-1
4,163,69.0,140.0,13.0,16.0,-1,-1,-1,-1
5,163,71.0,153.0,10.0,13.0,-1,-1,-1,-1
3,164,21.0,467.0,16.0,16.0,-1,-1,-1,-1
4,164,24.0,466.0,15.0,14.0,-1,-1,-1,-1
5,164,29.0,469.0,13.0,15.0,-1,-1,-1,-1
3,165,44.0,54.0,11.0,15.0,-1,-1,-1,-1
4,165,39.0,53.0,12.0,13.0,-1,-1,-1,-1
5,165,38.0,57.0,12.0,13.0,-1,-1,-1,-1
3,166,53.0,451.0,11.0,16.0,-1,-1,-1,-1
4,166,53.0,452.0,10.0,15.0,-1,-1,-1,-1
5,166,42.0,453.0,14.0,15.0,-1,-1,-1,-1
3,167,0.0,0.0,10.0,16.0,-1,-1,-1,-1
4,167,0.0,0.0,11.0,13.0,-1,-1,-1,-1
5,167,1.0,0.0,12.0,13.0,-1,-1,-1,-1
3,168,195.0,526.0,13.0,13.0,-1,-1,-1,-1
4,168,192.0,527.0,14.0,13.0,-1,-1,-1,-1
5,168,192.0,529.0,15.0,12.0,-1,-1,-1,-1
3,169,142.0,40.0,15.0,13.0,-1,-1,-1,-1
4,169,142.0,43.0,13.0,11.0,-1,-1,-1,-1
5,169,131.0,57.0,12.0,14.0,-1,-1,-1,-1
3,170,0.0,391.0,10.0,11.0,-1,-1,-1,-1
4,170,0.0,385.0,8.0,10.0,-1,-1,-1,-1
5,170,0.0,387.0,9.0,10.0,-1,-1,-1,-1
3,171,130.0,453.0,12.0,9.0,-1,-1,-1,-1
4,171,131.0,451.0,11.0,10.0,-1,-1,-1,-1
5,171,136.0,451.0,12.0,11.0,-1,-1,-1,-1
3,172,7.0,82.0,15.0,15.0,-1,-1,-1,-1
4,172,4.0,81.0,14.0,14.0,-1,-1,-1,-1
5,172,7.0,84.0,13.0,17.0,-1,-1,-1,-1
3,173,92.0,400.0,17.0,16.0,-1,-1,-1,-1
4,173,88.0,398.0,16.0,15.0,-1,-1,-1,-1
5,173,91.0,400.0,14.0,15.0,-1,-1,-1,-1
3,174,151.0,56.0,15.0,12.0,-1,-1,-1,-1
4,174,147.0,61.0,11.0,10.0,-1,-1,-1,-1
5,174,156.0,65.0,9.0,9.0,-1,-1,-1,-1
3,175,10.0,169.0,17.0,9.0,-1,-1,-1,-1
4,175,5.0,169.0,13.0,10.0,-1,-1,-1,-1
5,175,0.0,175.0,12.0,10.0,-1,-1,-1,-1
3,176,72.0,0.0,13.0,8.0,-1,-1,-1,-1
4,176,69.0,2.0,13.0,12.0,-1,-1,-1,-1
5,176,69.0,6.0,13.0,12.0,-1,-1,-1,-1
2,177,189.0,400.0,15.0,10.0,-1,-1,-1,-1
3,177,193.0,394.0,15.0,14.0,-1,-1,-1,-1
4,177,190.0,388.0,16.0,16.0,-1,-1,-1,-1
5,177,192.0,389.0,15.0,13.0,-1,-1,-1,-1
2,178,101.0,107.0,14.0,15.0,-1,-1,-1,-1
3,178,106.0,108.0,13.0,13.0,-1,-1,-1,-1
4,178,105.0,115.0,14.0,13.0,-1,-1,-1,-1
5,178,108.0,126.0,13.0,11.0,-1,-1,-1,-1
2,179,199.0,103.0,15.0,12.0,-1,-1,-1,-1
3,179,199.0,103.0,14.0,13.0,-1,-1,-1,-1
4,179,192.0,105.0,14.0,14.0,-1,-1,-1,-1
5,179,186.0,110.0,14.0,14.0,-1,-1,-1,-1
2,180,34.0,383.0,12.0,9.0,-1,-1,-1,-1
3,180,36.0,380.0,11.0,7.0,-1,-1,-1,-1
4,180,37.0,376.0,12.0,10.0,-1,-1,-1,-1
5,180,37.0,374.0,13.0,11.0,-1,-1,-1,-1
2,181,151.0,472.0,14.0,13.0,-1,-1,-1,-1
3,181,153.0,471.0,15.0,14.0,-1,-1,-1,-1
4,181,150.0,469.0,17.0,16.0,-1,-1,-1,-1
5,181,150.0,470.0,16.0,17.0,-1,-1,-1,-1
2,182,18.0,53.0,11.0,8.0,-1,-1,-1,-1
3,182,22.0,51.0,12.0,10.0,-1,-1,-1,-1
4,182,25.0,50.0,11.0,11.0,-1,-1,-1,-1
5,182,26.0,56.0,13.0,13.0,-1,-1,-1,-1
2,183,111.0,1.0,16.0,16.0,-1,-1,-1,-1
3,183,113.0,0.0,15.0,12.0,-1,-1,-1,-1
4,183,111.0,0.0,15.0,12.0,-1,-1,-1,-1
5,183,111.0,0.0,17.0,12.0,-1,-1,-1,-1
2,184,120.0,101.0,16.0,15.0,-1,-1,-1,-1
3,184,120.0,97.0,16.0,16.0,-1,-1,-1,-1
4,184,119.0,97.0,16.0,14.0,-1,-1,-1,-1
5,184,119.0,99.0,17.0,17.0,-1,-1,-1,-1
1,185,208.0,168.0,14.0,13.0,-1,-1,-1,-1
2,185,207.0,172.0,12.0,12.0,-1,-1,-1,-1
3,185,209.0,170.0,14.0,13.0,-1,-1,-1,-1
4,185,212.0,170.0,12.0,11.0,-1,-1,-1,-1
5,185,216.0,173.0,8.0,13.0,-1,-1,-1,-1
1,186,107.0,373.0,14.0,12.0,-1,-1,-1,-1
2,186,107.0,372.0,12.0,11.0,-1,-1,-1,-1
3,186,106.0,370.0,13.0,11.0,-1,-1,-1,-1
4,186,103.0,365.0,12.0,13.0,-1,-1,-1,-1
5,186,103.0,365.0,13.0,13.0,-1,-1,-1,-1
1,187,0.0,160.0,12.0,12.0,-1,-1,-1,-1
2,187,0.0,159.0,10.0,16.0,-1,-1,-1,-1
3,187,0.0,155.0,12.0,15.0,-1,-1,-1,-1
4,187,0.0,153.0,12.0,16.0,-1,-1,-1,-1
5,187,0.0,158.0,11.0,15.0,-1,-1,-1,-1
1,188,208.0,23.0,14.0,13.0,-1,-1,-1,-1
2,188,205.0,23.0,15.0,13.0,-1,-1,-1,-1
3,188,204.0,21.0,15.0,14.0,-1,-1,-1,-1
4,188,201.0,19.0,15.0,13.0,-1,-1,-1,-1
5,188,202.0,20.0,15.0,12.0,-1,-1,-1,-1
1,189,139.0,373.0,13.0,15.0,-1,-1,-1,-1
2,189,137.0,371.0,16.0,14.0,-1,-1,-1,-1
3,189,137.0,362.0,15.0,15.0,-1,-1,-1,-1
4,189,129.0,354.0,14.0,12.0,-1,-1,-1,-1
5,189,126.0,346.0,16.0,13.0,-1,-1,-1,-1
1,190,17.0,426.0,10.0,12.0,-1,-1,-1,-1
2,190,13.0,427.0,14.0,12.0,-1,-1,-1,-1
3,190,15.0,423.0,12.0,12.0,-1,-1,-1,-1
4,190,11.0,418.0,12.0,12.0,-1,-1,-1,-1
5,190,11.0,418.0,13.0,12.0,-1,-1,-1,-1
1,191,192.0,376.0,13.0,14.0,-1,-1,-1,-1
2,191,195.0,372.0,15.0,17.0,-1,-1,-1,-1
3,191,200.0,361.0,16.0,15.0,-1,-1,-1,-1
4,191,199.0,352.0,16.0,13.0,-1,-1,-1,-1
5,191,201.0,347.0,15.0,14.0,-1,-1,-1,-1
1,192,137.0,399.0,14.0,14.0,-1,-1,-1,-1
2,192,133.0,397.0,12.0,13.0,-1,-1,-1,-1
3,192,134.0,389.0,11.0,13.0,-1,-1,-1,-1
4,192,135.0,376.0,16.0,14.0,-1,-1,-1,-1
5,192,136.0,376.0,13.0,12.0,-1,-1,-1,-1
1,193,192.0,149.0,11.0,13.0,-1,-1,-1,-1
2,193,191.0,150.0,10.0,12.0,-1,-1,-1,-1
3,193,190.0,151.0,13.0,12.0,-1,-1,-1,-1
4,193,190.0,153.0,15.0,13.0,-1,-1,-1,-1
5,193,191.0,158.0,14.0,14.0,-1,-1,-1,-1
1,194,21.0,385.0,15.0,13.0,-1,-1,-1,-1
2,194,23.0,382.0,12.0,13.0,-1,-1,-1,-1
3,194,25.0,374.0,13.0,12.0,-1,-1,-1,-1
4,194,23.0,367.0,13.0,12.0,-1,-1,-1,-1
5,194,22.0,367.0,13.0,14.0,-1,-1,-1,-1
1,195,186.0,16.0,13.0,13.0,-1,-1,-1,-1
2,195,182.0,16.0,16.0,13.0,-1,-1,-1,-1
3,195,183.0,11.0,15.0,15.0,-1,-1,-1,-1
4,195,178.0,9.0,14.0,13.0,-1,-1,-1,-1
5,195,179.0,11.0,15.0,13.0,-1,-1,-1,-1
1,196,117.0,385.0,15.0,14.0,-1,-1,-1,-1
2,196,118.0,382.0,12.0,10.0,-1,-1,-1,-1
3,196,119.0,376.0,14.0,12.0,-1,-1,-1,-1
4,196,116.0,367.0,15.0,14.0,-1,-1,-1,-1
5,196,118.0,366.0,13.0,12.0,-1,-1,-1,-1
1,197,209.0,447.0,13.0,12.0,-1,-1,-1,-1
2,197,209.0,447.0,13.0,13.0,-1,-1,-1,-1
3,197,209.0,443.0,14.0,13.0,-1,-1,-1,-1
4,197,208.0,443.0,11.0,11.0,-1,-1,-1,-1
5,197,208.0,443.0,14.0,13.0,-1,-1,-1,-1
1,198,161.0,111.0,13.0,11.0,-1,-1,-1,-1
2,198,160.0,109.0,15.0,13.0,-1,-1,-1,-1
3,198,162.0,104.0,13.0,12.0,-1,-1,-1,-1
4,198,161.0,98.0,14.0,13.0,-1,-1,-1,-1
5,198,162.0,102.0,13.0,13.0,-1,-1,-1,-1
1,199,59.0,385.0,12.0,14.0,-1,-1,-1,-1
2,199,58.0,379.0,13.0,13.0,-1,-1,-1,-1
3,199,62.0,371.0,13.0,13.0,-1,-1,-1,-1
4,199,59.0,366.0,14.0,13.0,-1,-1,-1,-1
5,199,59.0,362.0,14.0,13.0,-1,-1,-1,-1
1,200,73.0,367.0,13.0,13.0,-1,-1,-1,-1
2,200,72.0,365.0,15.0,13.0,-1,-1,-1,-1
3,200,76.0,362.0,11.0,12.0,-1,-1,-1,-1
4,200,76.0,356.0,10.0,13.0,-1,-1,-1,-1
5,200,75.0,354.0,12.0,15.0,-1,-1,-1,-1
1,201,176.0,382.0,13.0,15.0,-1,-1,-1,-1
2,201,174.0,378.0,14.0,14.0,-1,-1,-1,-1
3,201,177.0,371.0,14.0,14.0,-1,-1,-1,-1
4,201,175.0,363.0,15.0,14.0,-1,-1,-1,-1
5,201,177.0,362.0,15.0,13.0,-1,-1,-1,-1
1,202,15.0,374.0,12.0,11.0,-1,-1,-1,-1
2,202,15.0,373.0,11.0,10.0,-1,-1,-1,-1
3,202,2.0,367.0,11.0,9.0,-1,-1,-1,-1
4,202,0.0,365.0,12.0,12.0,-1,-1,-1,-1
5,202,0.0,370.0,10.0,9.0,-1,-1,-1,-1
1,203,57.0,522.0,14.0,12.0,-1,-1,-1,-1
2,203,58.0,521.0,13.0,13.0,-1,-1,-1,-1
3,203,58.0,517.0,11.0,13.0,-1,-1,-1,-1
4,203,55.0,516.0,10.0,13.0,-1,-1,-1,-1
5,203,56.0,517.0,11.0,13.0,-1,-1,-1,-1
1,204,121.0,66.0,13.0,13.0,-1,-1,-1,-1
2,204,121.0,67.0,14.0,13.0,-1,-1,-1,-1
3,204,122.0,64.0,13.0,12.0,-1,-1,-1,-1
4,204,123.0,56.0,12.0,13.0,-1,-1,-1,-1
5,204,120.0,43.0,13.0,13.0,-1,-1,-1,-1
1,205,137.0,173.0,11.0,13.0,-1,-1,-1,-1
2,205,136.0,179.0,10.0,10.0,-1,-1,-1,-1
3,205,137.0,175.0,14.0,13.0,-1,-1,-1,-1
4,205,136.0,176.0,11.0,10.0,-1,-1,-1,-1
5,205,135.0,177.0,10.0,13.0,-1,-1,-1,-1
1,206,110.0,508.0,13.0,14.0,-1,-1,-1,-1
2,206,105.0,507.0,13.0,13.0,-1,-1,-1,-1
3,206,105.0,504.0,15.0,14.0,-1,-1,-1,-1
4,206,103.0,502.0,11.0,13.0,-1,-1,-1,-1
5,206,103.0,507.0,11.0,11.0,-1,-1,-1,-1
1,207,141.0,9.0,12.0,14.0,-1,-1,-1,-1
2,207,135.0,7.0,16.0,12.0,-1,-1,-1,-1
3,207,132.0,7.0,15.0,13.0,-1,-1,-1,-1
4,207,131.0,7.0,14.0,12.0,-1,-1,-1,-1
5,207,134.0,10.0,12.0,13.0,-1,-1,-1,-1
1,208,122.0,435.0,14.0,13.0,-1,-1,-1,-1
2,208,128.0,439.0,14.0,13.0,-1,-1,-1,-1
3,208,133.0,438.0,12.0,13.0,-1,-1,-1,-1
4,208,129.0,433.0,13.0,14.0,-1,-1,-1,-1
5,208,129.0,432.0,13.0,14.0,-1,-1,-1,-1
1,209,215.0,524.0,9.0,16.0,-1,-1,-1,-1
2,209,215.0,523.0,9.0,13.0,-1,-1,-1,-1
3,209,217.0,519.0,7.0,17.0,-1,-1,-1,-1
4,209,214.0,518.0,10.0,14.0,-1,-1,-1,-1
5,209,217.0,522.0,7.0,12.0,-1,-1,-1,-1
1,210,136.0,163.0,11.0,10.0,-1,-1,-1,-1
2,210,132.0,168.0,13.0,10.0,-1,-1,-1,-1
3,210,126.0,172.0,14.0,14.0,-1,-1,-1,-1
4,210,123.0,168.0,14.0,15.0,-1,-1,-1,-1
5,210,121.0,171.0,16.0,13.0,-1,-1,-1,-1
1,211,88.0,369.0,15.0,14.0,-1,-1,-1,-1
2,211,88.0,367.0,16.0,11.0,-1,-1,-1,-1
3,211,88.0,362.0,17.0,14.0,-1,-1,-1,-1
4,211,86.0,357.0,16.0,13.0,-1,-1,-1,-1
5,211,89.0,356.0,14.0,13.0,-1,-1,-1,-1
1,212,91.0,511.0,11.0,11.0,-1,-1,-1,-1
2,212,92.0,511.0,11.0,11.0,-1,-1,-1,-1
3,212,95.0,507.0,10.0,11.0,-1,-1,-1,-1
4,212,92.0,504.0,10.0,12.0,-1,-1,-1,-1
5,212,93.0,503.0,9.0,11.0,-1,-1,-1,-1
1,213,176.0,45.0,13.0,13.0,-1,-1,-1,-1
2,213,176.0,46.0,14.0,11.0,-1,-1,-1,-1
3,213,185.0,40.0,14.0,11.0,-1,-1,-1,-1
4,213,191.0,32.0,14.0,13.0,-1,-1,-1,-1
5,213,197.0,34.0,14.0,13.0,-1,-1,-1,-1
1,214,203.0,392.0,13.0,12.0,-1,-1,-1,-1
2,214,210.0,386.0,13.0,14.0,-1,-1,-1,-1
3,214,215.0,377.0,8.0,15.0,-1,-1,-1,-1
4,214,211.0,369.0,13.0,13.0,-1,-1,-1,-1
5,214,211.0,368.0,13.0,13.0,-1,-1,-1,-1
1,215,92.0,386.0,11.0,6.0,-1,-1,-1,-1
2,215,91.0,383.0,12.0,9.0,-1,-1,-1,-1
3,215,88.0,379.0,15.0,12.0,-1,-1,-1,-1
4,215,88.0,375.0,15.0,15.0,-1,-1,-1,-1
5,215,88.0,379.0,14.0,12.0,-1,-1,-1,-1
1,216,74.0,392.0,13.0,15.0,-1,-1,-1,-1
2,216,75.0,393.0,13.0,15.0,-1,-1,-1,-1
3,216,77.0,391.0,12.0,15.0,-1,-1,-1,-1
4,216,74.0,386.0,14.0,16.0,-1,-1,-1,-1
5,216,76.0,389.0,14.0,14.0,-1,-1,-1,-1
1,217,158.0,48.0,15.0,15.0,-1,-1,-1,-1
2,217,159.0,47.0,14.0,15.0,-1,-1,-1,-1
3,217,163.0,44.0,16.0,14.0,-1,-1,-1,-1
4,217,167.0,42.0,14.0,15.0,-1,-1,-1,-1
5,217,173.0,45.0,11.0,12.0,-1,-1,-1,-1
1,218,82.0,108.0,15.0,13.0,-1,-1,-1,-1
2,218,81.0,106.0,14.0,14.0,-1,-1,-1,-1
3,218,85.0,102.0,15.0,15.0,-1,-1,-1,-1
4,218,85.0,103.0,16.0,14.0,-1,-1,-1,-1
5,218,91.0,98.0,13.0,12.0,-1,-1,-1,-1
1,219,164.0,198.0,13.0,12.0,-1,-1,-1,-1
2,219,164.0,204.0,16.0,11.0,-1,-1,-1,-1
3,219,170.0,201.0,16.0,12.0,-1,-1,-1,-1
4,219,168.0,201.0,15.0,16.0,-1,-1,-1,-1
5,219,168.0,206.0,12.0,14.0,-1,-1,-1,-1
1,220,122.0,503.0,14.0,11.0,-1,-1,-1,-1
2,220,121.0,503.0,15.0,15.0,-1,-1,-1,-1
3,220,122.0,504.0,14.0,13.0,-1,-1,-1,-1
4,220,119.0,499.0,13.0,14.0,-1,-1,-1,-1
5,220,117.0,498.0,13.0,13.0,-1,-1,-1,-1
1,221,201.0,87.0,11.0,12.0,-1,-1,-1,-1
2,221,202.0,91.0,12.0,11.0,-1,-1,-1,-1
3,221,209.0,90.0,13.0,14.0,-1,-1,-1,-1
4,221,215.0,85.0,9.0,13.0,-1,-1,-1,-1
5,221,215.0,88.0,9.0,13.0,-1,-1,-1,-1
1,222,171.0,60.0,14.0,13.0,-1,-1,-1,-1
2,222,172.0,61.0,13.0,13.0,-1,-1,-1,-1
3,222,177.0,60.0,14.0,12.0,-1,-1,-1,-1
4,222,176.0,63.0,13.0,11.0,-1,-1,-1,-1
5,222,177.0,66.0,14.0,12.0,-1,-1,-1,-1
1,223,56.0,441.0,15.0,14.0,-1,-1,-1,-1
2,223,57.0,440.0,15.0,14.0,-1,-1,-1,-1
3,223,60.0,436.0,14.0,15.0,-1,-1,-1,-1
4,223,56.0,434.0,15.0,12.0,-1,-1,-1,-1
5,223,56.0,432.0,14.0,13.0,-1,-1,-1,-1
1,224,27.0,138.0,14.0,16.0,-1,-1,-1,-1
2,224,11.0,134.0,12.0,16.0,-1,-1,-1,-1
3,224,11.0,129.0,13.0,18.0,-1,-1,-1,-1
4,224,8.0,129.0,14.0,14.0,-1,-1,-1,-1
5,224,9.0,133.0,12.0,15.0,-1,-1,-1,-1
1,225,200.0,62.0,14.0,13.0,-1,-1,-1,-1
2,225,199.0,57.0,16.0,16.0,-1,-1,-1,-1
3,225,198.0,50.0,12.0,17.0,-1,-1,-1,-1
4,225,188.0,46.0,14.0,12.0,-1,-1,-1,-1
5,225,189.0,45.0,11.0,13.0,-1,-1,-1,-1
1,226,15.0,148.0,12.0,15.0,-1,-1,-1,-1
2,226,12.0,154.0,13.0,15.0,-1,-1,-1,-1
3,226,14.0,154.0,13.0,17.0,-1,-1,-1,-1
4,226,14.0,154.0,12.0,16.0,-1,-1,-1,-1
5,226,15.0,157.0,13.0,16.0,-1,-1,-1,-1
1,227,142.0,23.0,14.0,12.0,-1,-1,-1,-1
2,227,141.0,25.0,13.0,13.0,-1,-1,-1,-1
3,227,143.0,23.0,14.0,15.0,-1,-1,-1,-1
4,227,142.0,30.0,14.0,12.0,-1,-1,-1,-1
5,227,148.0,35.0,17.0,12.0,-1,-1,-1,-1
1,228,119.0,485.0,11.0,14.0,-1,-1,-1,-1
2,228,115.0,489.0,12.0,15.0,-1,-1,-1,-1
3,228,113.0,492.0,14.0,14.0,-1,-1,-1,-1
4,228,108.0,488.0,15.0,14.0,-1,-1,-1,-1
5,228,108.0,488.0,14.0,16.0,-1,-1,-1,-1
1,229,202.0,497.0,14.0,13.0,-1,-1,-1,-1
2,229,202.0,495.0,15.0,13.0,-1,-1,-1,-1
3,229,206.0,491.0,15.0,14.0,-1,-1,-1,-1
4,229,202.0,489.0,16.0,14.0,-1,-1,-1,-1
5,229,205.0,491.0,17.0,14.0,-1,-1,-1,-1
1,230,97.0,11.0,14.0,14.0,-1,-1,-1,-1
2,230,96.0,10.0,14.0,16.0,-1,-1,-1,-1
3,230,96.0,10.0,14.0,14.0,-1,-1,-1,-1
4,230,94.0,8.0,13.0,16.0,-1,-1,-1,-1
5,230,93.0,10.0,14.0,16.0,-1,-1,-1,-1
1,231,126.0,119.0,16.0,12.0,-1,-1,-1,-1
2,231,124.0,121.0,17.0,15.0,-1,-1,-1,-1
3,231,127.0,120.0,15.0,15.0,-1,-1,-1,-1
4,231,126.0,120.0,14.0,17.0,-1,-1,-1,-1
5,231,126.0,125.0,14.0,17.0,-1,-1,-1,-1
1,232,182.0,487.0,12.0,12.0,-1,-1,-1,-1
2,232,181.0,487.0,12.0,13.0,-1,-1,-1,-1
3,232,175.0,483.0,13.0,14.0,-1,-1,-1,-1
4,232,170.0,478.0,13.0,14.0,-1,-1,-1,-1
5,232,176.0,480.0,15.0,14.0,-1,-1,-1,-1
1,233,8.0,524.0,12.0,12.0,-1,-1,-1,-1
2,233,10.0,526.0,12.0,12.0,-1,-1,-1,-1
3,233,11.0,526.0,12.0,13.0,-1,-1,-1,-1
4,233,11.0,524.0,14.0,12.0,-1,-1,-1,-1
5,233,14.0,526.0,12.0,11.0,-1,-1,-1,-1
1,234,191.0,133.0,12.0,14.0,-1,-1,-1,-1
2,234,190.0,134.0,12.0,14.0,-1,-1,-1,-1
3,234,191.0,134.0,14.0,14.0,-1,-1,-1,-1
4,234,190.0,134.0,11.0,14.0,-1,-1,-1,-1
5,234,186.0,140.0,15.0,14.0,-1,-1,-1,-1
1,235,172.0,505.0,13.0,15.0,-1,-1,-1,-1
2,235,169.0,504.0,14.0,14.0,-1,-1,-1,-1
3,235,168.0,500.0,15.0,14.0,-1,-1,-1,-1
4,235,168.0,498.0,15.0,14.0,-1,-1,-1,-1
5,235,166.0,501.0,14.0,12.0,-1,-1,-1,-1
1,236,159.0,369.0,15.0,13.0,-1,-1,-1,-1
2,236,157.0,360.0,18.0,14.0,-1,-1,-1,-1
3,236,159.0,353.0,16.0,13.0,-1,-1,-1,-1
4,236,157.0,342.0,16.0,12.0,-1,-1,-1,-1
5,236,157.0,340.0,16.0,12.0,-1,-1,-1,-1
1,237,208.0,10.0,14.0,13.0,-1,-1,-1,-1
2,237,206.0,10.0,15.0,12.0,-1,-1,-1,-1
3,237,209.0,9.0,14.0,11.0,-1,-1,-1,-1
4,237,208.0,8.0,13.0,12.0,-1,-1,-1,-1
5,237,210.0,0.0,12.0,9.0,-1,-1,-1,-1
1,238,194.0,0.0,14.0,11.0,-1,-1,-1,-1
2,238,192.0,0.0,16.0,9.0,-1,-1,-1,-1
3,238,194.0,0.0,13.0,12.0,-1,-1,-1,-1
4,238,189.0,0.0,14.0,9.0,-1,-1,-1,-1
5,238,181.0,0.0,22.0,10.0,-1,-1,-1,-1
1,239,154.0,118.0,11.0,12.0,-1,-1,-1,-1
2,239,151.0,120.0,13.0,13.0,-1,-1,-1,-1
3,239,151.0,121.0,15.0,14.0,-1,-1,-1,-1
4,239,145.0,124.0,15.0,12.0,-1,-1,-1,-1
5,239,145.0,129.0,13.0,12.0,-1,-1,-1,-1
1,240,209.0,79.0,13.0,14.0,-1,-1,-1,-1
2,240,207.0,79.0,14.0,13.0,-1,-1,-1,-1
3,240,208.0,77.0,11.0,13.0,-1,-1,-1,-1
4,240,206.0,73.0,12.0,13.0,-1,-1,-1,-1
5,240,206.0,77.0,12.0,13.0,-1,-1,-1,-1
1,241,41.0,471.0,15.0,14.0,-1,-1,-1,-1
2,241,42.0,472.0,15.0,14.0,-1,-1,-1,-1
3,241,48.0,470.0,14.0,11.0,-1,-1,-1,-1
4,241,47.0,471.0,14.0,13.0,-1,-1,-1,-1
5,241,67.0,476.0,12.0,12.0,-1,-1,-1,-1
1,242,19.0,13.0,13.0,12.0,-1,-1,-1,-1
2,242,18.0,13.0,15.0,11.0,-1,-1,-1,-1
3,242,23.0,12.0,12.0,10.0,-1,-1,-1,-1
4,242,22.0,9.0,15.0,13.0,-1,-1,-1,-1
5,242,27.0,11.0,13.0,13.0,-1,-1,-1,-1
1,243,194.0,473.0,14.0,12.0,-1,-1,-1,-1
2,243,194.0,474.0,13.0,12.0,-1,-1,-1,-1
3,243,194.0,471.0,15.0,14.0,-1,-1,-1,-1
4,243,192.0,471.0,14.0,14.0,-1,-1,-1,-1
5,243,194.0,476.0,14.0,13.0,-1,-1,-1,-1
1,244,173.0,434.0,13.0,12.0,-1,-1,-1,-1
2,244,174.0,434.0,10.0,12.0,-1,-1,-1,-1
3,244,176.0,431.0,10.0,11.0,-1,-1,-1,-1
4,244,173.0,430.0,11.0,12.0,-1,-1,-1,-1
5,244,173.0,432.0,10.0,11.0,-1,-1,-1,-1
1,245,214.0,427.0,9.0,14.0,-1,-1,-1,-1
2,245,212.0,427.0,10.0,14.0,-1,-1,-1,-1
3,245,214.0,425.0,9.0,16.0,-1,-1,-1,-1
4,245,210.0,422.0,13.0,14.0,-1,-1,-1,-1
5,245,210.0,424.0,13.0,14.0,-1,-1,-1,-1
1,246,214.0,156.0,10.0,13.0,-1,-1,-1,-1
2,246,215.0,149.0,9.0,12.0,-1,-1,-1,-1
3,246,216.0,148.0,8.0,11.0,-1,-1,-1,-1
4,246,216.0,145.0,8.0,14.0,-1,-1,-1,-1
5,246,215.0,138.0,9.0,9.0,-1,-1,-1,-1
1,247,216.0,61.0,8.0,13.0,-1,-1,-1,-1
2,247,215.0,65.0,9.0,12.0,-1,-1,-1,-1
3,247,210.0,62.0,13.0,14.0,-1,-1,-1,-1
4,247,201.0,55.0,13.0,12.0,-1,-1,-1,-1
5,247,200.0,54.0,14.0,14.0,-1,-1,-1,-1
1,248,26.0,406.0,16.0,15.0,-1,-1,-1,-1
2,248,25.0,405.0,15.0,15.0,-1,-1,-1,-1
3,248,31.0,400.0,15.0,16.0,-1,-1,-1,-1
4,248,31.0,396.0,15.0,16.0,-1,-1,-1,-1
5,248,40.0,399.0,15.0,14.0,-1,-1,-1,-1
1,249,5.0,503.0,15.0,15.0,-1,-1,-1,-1
2,249,5.0,505.0,11.0,13.0,-1,-1,-1,-1
3,249,2.0,500.0,15.0,16.0,-1,-1,-1,-1
4,249,1.0,500.0,14.0,15.0,-1,-1,-1,-1
5,249,1.0,503.0,13.0,13.0,-1,-1,-1,-1
1,250,41.0,367.0,14.0,13.0,-1,-1,-1,-1
2,250,38.0,365.0,13.0,12.0,-1,-1,-1,-1
3,250,40.0,362.0,12.0,10.0,-1,-1,-1,-1
4,250,34.0,358.0,13.0,10.0,-1,-1,-1,-1
5,250,34.0,357.0,11.0,11.0,-1,-1,-1,-1
1,251,25.0,490.0,14.0,15.0,-1,-1,-1,-1
2,251,21.0,491.0,14.0,15.0,-1,-1,-1,-1
3,251,23.0,488.0,15.0,14.0,-1,-1,-1,-1
4,251,21.0,486.0,13.0,13.0,-1,-1,-1,-1
5,251,21.0,488.0,13.0,13.0,-1,-1,-1,-1
1,252,57.0,153.0,15.0,14.0,-1,-1,-1,-1
2,252,56.0,155.0,14.0,11.0,-1,-1,-1,-1
3,252,57.0,156.0,14.0,12.0,-1,-1,-1,-1
4,252,57.0,160.0,13.0,13.0,-1,-1,-1,-1
5,252,51.0,168.0,23.0,8.0,-1,-1,-1,-1
1,253,1.0,415.0,15.0,13.0,-1,-1,-1,-1
2,253,2.0,411.0,15.0,15.0,-1,-1,-1,-1
3,253,0.0,407.0,16.0,17.0,-1,-1,-1,-1
4,253,0.0,402.0,13.0,16.0,-1,-1,-1,-1
5,253,0.0,407.0,15.0,16.0,-1,-1,-1,-1
1,254,216.0,401.0,8.0,12.0,-1,-1,-1,-1
2,254,210.0,406.0,12.0,11.0,-1,-1,-1,-1
3,254,210.0,401.0,14.0,13.0,-1,-1,-1,-1
4,254,207.0,398.0,13.0,14.0,-1,-1,-1,-1
5,254,207.0,400.0,10.0,14.0,-1,-1,-1,-1
1,255,78.0,17.0,13.0,16.0,-1,-1,-1,-1
2,255,77.0,22.0,11.0,12.0,-1,-1,-1,-1
3,255,79.0,21.0,12.0,13.0,-1,-1,-1,-1
4,255,74.0,18.0,13.0,14.0,-1,-1,-1,-1
5,255,76.0,22.0,12.0,14.0,-1,-1,-1,-1
1,256,0.0,533.0,10.0,10.0,-1,-1,-1,-1
2,256,0.0,520.0,9.0,14.0,-1,-1,-1,-1
3,256,2.0,520.0,13.0,12.0,-1,-1,-1,-1
4,256,3.0,515.0,13.0,12.0,-1,-1,-1,-1
5,256,5.0,516.0,14.0,11.0,-1,-1,-1,-1
1,257,168.0,417.0,14.0,14.0,-1,-1,-1,-1
2,257,164.0,412.0,15.0,15.0,-1,-1,-1,-1
3,257,167.0,405.0,12.0,13.0,-1,-1,-1,-1
4,257,161.0,396.0,15.0,14.0,-1,-1,-1,-1
5,257,165.0,393.0,16.0,15.0,-1,-1,-1,-1
1,258,191.0,414.0,14.0,10.0,-1,-1,-1,-1
2,258,189.0,413.0,15.0,10.0,-1,-1,-1,-1
3,258,191.0,409.0,13.0,11.0,-1,-1,-1,-1
4,258,188.0,408.0,12.0,10.0,-1,-1,-1,-1
5,258,185.0,408.0,14.0,14.0,-1,-1,-1,-1
1,259,46.0,138.0,15.0,13.0,-1,-1,-1,-1
2,259,46.0,143.0,14.0,12.0,-1,-1,-1,-1
3,259,43.0,144.0,13.0,13.0,-1,-1,-1,-1
4,259,41.0,144.0,13.0,12.0,-1,-1,-1,-1
5,259,32.0,142.0,13.0,13.0,-1,-1,-1,-1
1,260,18.0,510.0,12.0,12.0,-1,-1,-1,-1
2,260,19.0,507.0,13.0,13.0,-1,-1,-1,-1
3,260,21.0,503.0,16.0,13.0,-1,-1,-1,-1
4,260,21.0,501.0,14.0,13.0,-1,-1,-1,-1
5,260,19.0,500.0,15.0,16.0,-1,-1,-1,-1
1,261,5.0,487.0,15.0,14.0,-1,-1,-1,-1
2,261,3.0,487.0,15.0,14.0,-1,-1,-1,-1
3,261,3.0,483.0,14.0,14.0,-1,-1,-1,-1
4,261,3.0,480.0,15.0,15.0,-1,-1,-1,-1
5,261,5.0,477.0,15.0,17.0,-1,-1,-1,-1
1,262,94.0,408.0,16.0,14.0,-1,-1,-1,-1
2,262,89.0,406.0,19.0,19.0,-1,-1,-1,-1
3,262,81.0,414.0,14.0,14.0,-1,-1,-1,-1
4,262,84.0,416.0,17.0,14.0,-1,-1,-1,-1
5,262,87.0,417.0,15.0,14.0,-1,-1,-1,-1
1,263,53.0,102.0,12.0,13.0,-1,-1,-1,-1
2,263,55.0,102.0,12.0,14.0,-1,-1,-1,-1
3,263,61.0,99.0,12.0,15.0,-1,-1,-1,-1
4,263,61.0,97.0,12.0,14.0,-1,-1,-1,-1
5,263,60.0,95.0,13.0,12.0,-1,-1,-1,-1
1,264,110.0,118.0,13.0,15.0,-1,-1,-1,-1
2,264,107.0,125.0,14.0,11.0,-1,-1,-1,-1
3,264,105.0,127.0,15.0,13.0,-1,-1,-1,-1
4,264,103.0,129.0,14.0,12.0,-1,-1,-1,-1
5,264,102.0,138.0,14.0,10.0,-1,-1,-1,-1
1,265,129.0,416.0,13.0,13.0,-1,-1,-1,-1
2,265,127.0,412.0,13.0,12.0,-1,-1,-1,-1
3,265,129.0,407.0,13.0,12.0,-1,-1,-1,-1
4,265,123.0,402.0,14.0,12.0,-1,-1,-1,-1
5,265,124.0,402.0,12.0,11.0,-1,-1,-1,-1
1,266,205.0,484.0,12.0,10.0,-1,-1,-1,-1
2,266,205.0,482.0,13.0,11.0,-1,-1,-1,-1
3,266,208.0,478.0,11.0,12.0,-1,-1,-1,-1
4,266,209.0,477.0,10.0,11.0,-1,-1,-1,-1
5,266,210.0,479.0,13.0,12.0,-1,-1,-1,-1
1,267,194.0,507.0,13.0,11.0,-1,-1,-1,-1
2,267,191.0,506.0,15.0,13.0,-1,-1,-1,-1
3,267,187.0,499.0,13.0,13.0,-1,-1,-1,-1
4,267,189.0,497.0,12.0,13.0,-1,-1,-1,-1
5,267,191.0,499.0,15.0,13.0,-1,-1,-1,-1
1,268,87.0,122.0,15.0,13.0,-1,-1,-1,-1
2,268,86.0,123.0,15.0,13.0,-1,-1,-1,-1
3,268,86.0,120.0,15.0,15.0,-1,-1,-1,-1
4,268,82.0,122.0,14.0,14.0,-1,-1,-1,-1
5,268,82.0,123.0,14.0,14.0,-1,-1,-1,-1
1,269,56.0,406.0,13.0,13.0,-1,-1,-1,-1
2,269,58.0,400.0,15.0,13.0,-1,-1,-1,-1
3,269,59.0,391.0,15.0,13.0,-1,-1,-1,-1
4,269,59.0,379.0,15.0,14.0,-1,-1,-1,-1
5,269,65.0,373.0,13.0,13.0,-1,-1,-1,-1
1,270,153.0,396.0,16.0,14.0,-1,-1,-1,-1
2,270,162.0,396.0,13.0,12.0,-1,-1,-1,-1
3,270,162.0,386.0,14.0,13.0,-1,-1,-1,-1
4,270,164.0,378.0,13.0,12.0,-1,-1,-1,-1
5,270,167.0,373.0,14.0,13.0,-1,-1,-1,-1
1,271,26.0,369.0,13.0,13.0,-1,-1,-1,-1
2,271,23.0,369.0,12.0,9.0,-1,-1,-1,-1
3,271,24.0,363.0,11.0,11.0,-1,-1,-1,-1
4,271,19.0,357.0,11.0,12.0,-1,-1,-1,-1
5,271,19.0,357.0,10.0,9.0,-1,-1,-1,-1
1,272,201.0,459.0,12.0,12.0,-1,-1,-1,-1
2,272,199.0,460.0,10.0,12.0,-1,-1,-1,-1
3,272,198.0,458.0,12.0,11.0,-1,-1,-1,-1
4,272,192.0,454.0,13.0,13.0,-1,-1,-1,-1
5,272,191.0,457.0,11.0,12.0,-1,-1,-1,-1
1,273,65.0,133.0,11.0,11.0,-1,-1,-1,-1
2,273,61.0,135.0,12.0,11.0,-1,-1,-1,-1
3,273,62.0,135.0,11.0,12.0,-1,-1,-1,-1
4,273,57.0,137.0,14.0,12.0,-1,-1,-1,-1
5,273,62.0,144.0,11.0,11.0,-1,-1,-1,-1
1,274,93.0,137.0,14.0,16.0,-1,-1,-1,-1
2,274,87.0,140.0,15.0,13.0,-1,-1,-1,-1
3,274,87.0,139.0,15.0,13.0,-1,-1,-1,-1
4,274,82.0,140.0,15.0,15.0,-1,-1,-1,-1
5,274,81.0,146.0,14.0,13.0,-1,-1,-1,-1
1,275,124.0,518.0,17.0,20.0,-1,-1,-1,-1
2,275,119.0,522.0,18.0,16.0,-1,-1,-1,-1
3,275,117.0,518.0,19.0,18.0,-1,-1,-1,-1
4,275,116.0,518.0,19.0,18.0,-1,-1,-1,-1
5,275,113.0,516.0,21.0,20.0,-1,-1,-1,-1
1,276,137.0,432.0,11.0,12.0,-1,-1,-1,-1
2,276,135.0,425.0,12.0,12.0,-1,-1,-1,-1
3,276,136.0,418.0,14.0,13.0,-1,-1,-1,-1
4,276,136.0,409.0,14.0,14.0,-1,-1,-1,-1
5,276,136.0,405.0,14.0,14.0,-1,-1,-1,-1
1,277,131.0,457.0,12.0,9.0,-1,-1,-1,-1
2,277,127.0,457.0,13.0,9.0,-1,-1,-1,-1
3,277,117.0,461.0,14.0,13.0,-1,-1,-1,-1
4,277,116.0,457.0,14.0,13.0,-1,-1,-1,-1
5,277,117.0,456.0,15.0,14.0,-1,-1,-1,-1
1,278,120.0,399.0,14.0,13.0,-1,-1,-1,-1
2,278,121.0,396.0,10.0,15.0,-1,-1,-1,-1
3,278,121.0,392.0,15.0,14.0,-1,-1,-1,-1
4,278,121.0,386.0,14.0,13.0,-1,-1,-1,-1
5,278,121.0,388.0,15.0,13.0,-1,-1,-1,-1
1,279,22.0,439.0,12.0,11.0,-1,-1,-1,-1
2,279,19.0,438.0,13.0,12.0,-1,-1,-1,-1
3,279,18.0,434.0,14.0,13.0,-1,-1,-1,-1
4,279,14.0,433.0,15.0,14.0,-1,-1,-1,-1
5,279,14.0,433.0,15.0,15.0,-1,-1,-1,-1
1,280,6.0,1.0,13.0,10.0,-1,-1,-1,-1
2,280,7.0,2.0,12.0,13.0,-1,-1,-1,-1
3,280,12.0,2.0,12.0,13.0,-1,-1,-1,-1
4,280,11.0,3.0,13.0,11.0,-1,-1,-1,-1
5,280,13.0,6.0,13.0,12.0,-1,-1,-1,-1
1,281,149.0,454.0,10.0,11.0,-1,-1,-1,-1
2,281,147.0,457.0,13.0,12.0,-1,-1,-1,-1
3,281,152.0,456.0,15.0,15.0,-1,-1,-1,-1
4,281,165.0,462.0,13.0,12.0,-1,-1,-1,-1
5,281,170.0,464.0,12.0,13.0,-1,-1,-1,-1
1,282,28.0,169.0,14.0,9.0,-1,-1,-1,-1
2,282,26.0,168.0,13.0,14.0,-1,-1,-1,-1
3,282,27.0,169.0,14.0,13.0,-1,-1,-1,-1
4,282,24.0,169.0,15.0,14.0,-1,-1,-1,-1
5,282,25.0,177.0,14.0,14.0,-1,-1,-1,-1
1,283,55.0,421.0,10.0,12.0,-1,-1,-1,-1
2,283,52.0,417.0,13.0,12.0,-1,-1,-1,-1
3,283,57.0,410.0,14.0,13.0,-1,-1,-1,-1
4,283,60.0,403.0,13.0,13.0,-1,-1,-1,-1
5,283,65.0,400.0,14.0,13.0,-1,-1,-1,-1
1,284,114.0,444.0,12.0,14.0,-1,-1,-1,-1
2,284,114.0,444.0,12.0,11.0,-1,-1,-1,-1
3,284,116.0,441.0,12.0,12.0,-1,-1,-1,-1
4,284,114.0,440.0,13.0,13.0,-1,-1,-1,-1
5,284,117.0,444.0,11.0,11.0,-1,-1,-1,-1
1,285,26.0,90.0,13.0,13.0,-1,-1,-1,-1
2,285,24.0,91.0,14.0,12.0,-1,-1,-1,-1
3,285,25.0,89.0,15.0,14.0,-1,-1,-1,-1
4,285,20.0,90.0,14.0,12.0,-1,-1,-1,-1
5,285,20.0,93.0,12.0,13.0,-1,-1,-1,-1
1,286,110.0,136.0,13.0,11.0,-1,-1,-1,-1
2,286,112.0,140.0,13.0,11.0,-1,-1,-1,-1
3,286,118.0,141.0,11.0,11.0,-1,-1,-1,-1
4,286,119.0,143.0,11.0,12.0,-1,-1,-1,-1
5,286,120.0,154.0,14.0,13.0,-1,-1,-1,-1
1,287,171.0,523.0,15.0,13.0,-1,-1,-1,-1
2,287,169.0,525.0,12.0,12.0,-1,-1,-1,-1
3,287,169.0,521.0,14.0,14.0,-1,-1,-1,-1
4,287,165.0,522.0,11.0,11.0,-1,-1,-1,-1
5,287,163.0,525.0,12.0,12.0,-1,-1,-1,-1
1,288,129.0,131.0,14.0,12.0,-1,-1,-1,-1
2,288,128.0,138.0,15.0,12.0,-1,-1,-1,-1
3,288,134.0,139.0,16.0,16.0,-1,-1,-1,-1
4,288,133.0,143.0,15.0,13.0,-1,-1,-1,-1
5,288,136.0,153.0,15.0,14.0,-1,-1,-1,-1
1,289,74.0,526.0,14.0,13.0,-1,-1,-1,-1
2,289,73.0,526.0,13.0,13.0,-1,-1,-1,-1
3,289,69.0,521.0,13.0,14.0,-1,-1,-1,-1
4,289,65.0,517.0,13.0,14.0,-1,-1,-1,-1
5,289,67.0,514.0,13.0,14.0,-1,-1,-1,-1
2,290,15.0,448.0,15.0,13.0,-1,-1,-1,-1
3,290,19.0,451.0,13.0,12.0,-1,-1,-1,-1
4,290,21.0,450.0,12.0,14.0,-1,-1,-1,-1
5,290,24.0,454.0,12.0,17.0,-1,-1,-1,-1
2,291,138.0,449.0,10.0,11.0,-1,-1,-1,-1
3,291,143.0,450.0,10.0,11.0,-1,-1,-1,-1
4,291,151.0,455.0,14.0,13.0,-1,-1,-1,-1
5,291,152.0,456.0,14.0,12.0,-1,-1,-1,-1
2,292,97.0,168.0,14.0,13.0,-1,-1,-1,-1
3,292,96.0,168.0,14.0,14.0,-1,-1,-1,-1
4,292,91.0,168.0,14.0,13.0,-1,-1,-1,-1
5,292,92.0,170.0,13.0,13.0,-1,-1,-1,-1
1,293,47.0,163.0,16.0,13.0,-1,-1,-1,-1
2,293,47.0,168.0,15.0,12.0,-1,-1,-1,-1
3,293,49.0,168.0,15.0,10.0,-1,-1,-1,-1
4,293,45.0,169.0,15.0,10.0,-1,-1,-1,-1
5,293,32.0,168.0,14.0,9.0,-1,-1,-1,-1
1,294,130.0,27.0,13.0,14.0,-1,-1,-1,-1
2,294,126.0,27.0,13.0,12.0,-1,-1,-1,-1
3,294,123.0,25.0,13.0,13.0,-1,-1,-1,-1
4,294,119.0,16.0,12.0,13.0,-1,-1,-1,-1
5,294,121.0,15.0,13.0,13.0,-1,-1,-1,-1
1,295,118.0,27.0,11.0,13.0,-1,-1,-1,-1
2,295,116.0,29.0,11.0,12.0,-1,-1,-1,-1
3,295,105.0,24.0,14.0,16.0,-1,-1,-1,-1
4,295,105.0,18.0,13.0,14.0,-1,-1,-1,-1
5,295,104.0,20.0,13.0,12.0,-1,-1,-1,-1
1,296,6.0,446.0,10.0,13.0,-1,-1,-1,-1
2,296,3.0,446.0,11.0,11.0,-1,-1,-1,-1
3,296,5.0,439.0,13.0,14.0,-1,-1,-1,-1
4,296,2.0,437.0,10.0,12.0,-1,-1,-1,-1
5,296,2.0,442.0,10.0,10.0,-1,-1,-1,-1
1,297,78.0,91.0,17.0,13.0,-1,-1,-1,-1
2,297,75.0,90.0,19.0,12.0,-1,-1,-1,-1
3,297,78.0,80.0,15.0,15.0,-1,-1,-1,-1
4,297,69.0,72.0,17.0,15.0,-1,-1,-1,-1
5,297,66.0,71.0,16.0,15.0,-1,-1,-1,-1
1,298,27.0,109.0,10.0,12.0,-1,-1,-1,-1
2,298,27.0,111.0,12.0,12.0,-1,-1,-1,-1
3,298,30.0,110.0,10.0,13.0,-1,-1,-1,-1
4,298,27.0,109.0,12.0,16.0,-1,-1,-1,-1
5,298,27.0,113.0,12.0,16.0,-1,-1,-1,-1
1,299,70.0,0.0,12.0,13.0,-1,-1,-1,-1
2,299,71.0,8.0,12.0,12.0,-1,-1,-1,-1
3,299,69.0,7.0,13.0,12.0,-1,-1,-1,-1
4,299,61.0,23.0,13.0,12.0,-1,-1,-1,-1
5,299,64.0,23.0,10.0,14.0,-1,-1,-1,-1
1,300,62.0,66.0,16.0,16.0,-1,-1,-1,-1
2,300,61.0,66.0,17.0,14.0,-1,-1,-1,-1
3,300,63.0,63.0,15.0,14.0,-1,-1,-1,-1
4,300,59.0,61.0,14.0,13.0,-1,-1,-1,-1
5,300,55.0,61.0,15.0,15.0,-1,-1,-1,-1
1,301,50.0,76.0,13.0,16.0,-1,-1,-1,-1
2,301,49.0,75.0,13.0,16.0,-1,-1,-1,-1
3,301,49.0,72.0,14.0,13.0,-1,-1,-1,-1
4,301,43.0,71.0,15.0,14.0,-1,-1,-1,-1
5,301,42.0,75.0,16.0,14.0,-1,-1,-1,-1
1,302,30.0,66.0,14.0,13.0,-1,-1,-1,-1
2,302,28.0,68.0,13.0,12.0,-1,-1,-1,-1
3,302,17.0,72.0,14.0,11.0,-1,-1,-1,-1
4,302,11.0,66.0,14.0,12.0,-1,-1,-1,-1
5,302,9.0,66.0,13.0,12.0,-1,-1,-1,-1
1,303,105.0,44.0,14.0,15.0,-1,-1,-1,-1
2,303,102.0,52.0,13.0,13.0,-1,-1,-1,-1
3,303,103.0,60.0,14.0,10.0,-1,-1,-1,-1
4,303,101.0,69.0,15.0,17.0,-1,-1,-1,-1
5,303,96.0,82.0,15.0,14.0,-1,-1,-1,-1
1,304,29.0,121.0,11.0,12.0,-1,-1,-1,-1
2,304,30.0,123.0,12.0,12.0,-1,-1,-1,-1
3,304,34.0,126.0,10.0,12.0,-1,-1,-1,-1
4,304,27.0,130.0,14.0,11.0,-1,-1,-1,-1
5,304,23.0,138.0,9.0,10.0,-1,-1,-1,-1
1,305,44.0,56.0,13.0,12.0,-1,-1,-1,-1
2,305,42.0,57.0,13.0,13.0,-1,-1,-1,-1
3,305,32.0,65.0,14.0,12.0,-1,-1,-1,-1
4,305,29.0,62.0,13.0,13.0,-1,-1,-1,-1
5,305,31.0,68.0,11.0,12.0,-1,-1,-1,-1
1,306,42.0,11.0,12.0,11.0,-1,-1,-1,-1
2,306,43.0,12.0,13.0,13.0,-1,-1,-1,-1
3,306,47.0,13.0,10.0,13.0,-1,-1,-1,-1
4,306,42.0,17.0,13.0,10.0,-1,-1,-1,-1
5,306,42.0,20.0,12.0,11.0,-1,-1,-1,-1
1,307,114.0,82.0,12.0,13.0,-1,-1,-1,-1
2,307,118.0,83.0,13.0,12.0,-1,-1,-1,-1
3,307,122.0,82.0,12.0,11.0,-1,-1,-1,-1
4,307,118.0,81.0,15.0,11.0,-1,-1,-1,-1
5,307,121.0,81.0,13.0,12.0,-1,-1,-1,-1
1,308,172.0,123.0,12.0,13.0,-1,-1,-1,-1
2,308,171.0,124.0,13.0,13.0,-1,-1,-1,-1
3,308,172.0,123.0,13.0,14.0,-1,-1,-1,-1
4,308,168.0,123.0,15.0,14.0,-1,-1,-1,-1
5,308,161.0,131.0,13.0,15.0,-1,-1,-1,-1
1,309,176.0,138.0,14.0,12.0,-1,-1,-1,-1
2,309,175.0,140.0,13.0,14.0,-1,-1,-1,-1
3,309,176.0,147.0,12.0,14.0,-1,-1,-1,-1
4,309,173.0,156.0,13.0,14.0,-1,-1,-1,-1
5,309,173.0,171.0,15.0,12.0,-1,-1,-1,-1
1,310,147.0,88.0,12.0,12.0,-1,-1,-1,-1
2,310,148.0,87.0,11.0,12.0,-1,-1,-1,-1
3,310,145.0,82.0,14.0,13.0,-1,-1,-1,-1
4,310,141.0,77.0,13.0,12.0,-1,-1,-1,-1
5,310,131.0,75.0,13.0,12.0,-1,-1,-1,-1
3,311,103.0,47.0,12.0,12.0,-1,-1,-1,-1
4,311,106.0,41.0,12.0,12.0,-1,-1,-1,-1
5,311,108.0,41.0,12.0,15.0,-1,-1,-1,-1
3,312,55.0,534.0,16.0,9.0,-1,-1,-1,-1
4,312,50.0,532.0,14.0,11.0,-1,-1,-1,-1
5,312,50.0,535.0,18.0,8.0,-1,-1,-1,-1
3,313,214.0,103.0,10.0,10.0,-1,-1,-1,-1
4,313,201.0,92.0,14.0,14.0,-1,-1,-1,-1
5,313,198.0,90.0,12.0,11.0,-1,-1,-1,-1
1,314,78.0,78.0,15.0,13.0,-1,-1,-1,-1
2,314,78.0,72.0,14.0,16.0,-1,-1,-1,-1
3,314,83.0,67.0,15.0,13.0,-1,-1,-1,-1
4,314,86.0,61.0,12.0,13.0,-1,-1,-1,-1
5,314,93.0,66.0,14.0,15.0,-1,-1,-1,-1
1,315,81.0,457.0,15.0,13.0,-1,-1,-1,-1
2,315,80.0,457.0,15.0,13.0,-1,-1,-1,-1
3,315,81.0,455.0,16.0,13.0,-1,-1,-1,-1
4,315,80.0,454.0,16.0,13.0,-1,-1,-1,-1
5,315,78.0,438.0,12.0,17.0,-1,-1,-1,-1
1,316,21.0,41.0,14.0,8.0,-1,-1,-1,-1
2,316,20.0,41.0,13.0,9.0,-1,-1,-1,-1
3,316,20.0,41.0,14.0,10.0,-1,-1,-1,-1
4,316,17.0,42.0,13.0,9.0,-1,-1,-1,-1
5,316,20.0,46.0,13.0,10.0,-1,-1,-1,-1
1,317,9.0,458.0,15.0,14.0,-1,-1,-1,-1
2,317,7.0,459.0,15.0,13.0,-1,-1,-1,-1
3,317,7.0,458.0,13.0,14.0,-1,-1,-1,-1
4,317,7.0,452.0,14.0,16.0,-1,-1,-1,-1
5,317,11.0,454.0,13.0,12.0,-1,-1,-1,-1
1,318,179.0,451.0,11.0,11.0,-1,-1,-1,-1
2,318,179.0,453.0,11.0,10.0,-1,-1,-1,-1
3,318,181.0,449.0,10.0,12.0,-1,-1,-1,-1
4,318,178.0,447.0,12.0,13.0,-1,-1,-1,-1
5,318,184.0,440.0,14.0,11.0,-1,-1,-1,-1
1,319,138.0,147.0,13.0,13.0,-1,-1,-1,-1
2,319,144.0,155.0,14.0,12.0,-1,-1,-1,-1
3,319,151.0,162.0,15.0,11.0,-1,-1,-1,-1
4,319,157.0,169.0,19.0,8.0,-1,-1,-1,-1
5,319,162.0,164.0,13.0,13.0,-1,-1,-1,-1
1,320,152.0,162.0,15.0,13.0,-1,-1,-1,-1
2,320,152.0,171.0,16.0,14.0,-1,-1,-1,-1
3,320,154.0,176.0,15.0,13.0,-1,-1,-1,-1
4,320,151.0,178.0,16.0,15.0,-1,-1,-1,-1
5,320,157.0,178.0,14.0,14.0,-1,-1,-1,-1
1,321,72.0,502.0,12.0,12.0,-1,-1,-1,-1
2,321,71.0,502.0,12.0,13.0,-1,-1,-1,-1
3,321,72.0,500.0,11.0,11.0,-1,-1,-1,-1
4,321,70.0,497.0,12.0,11.0,-1,-1,-1,-1
5,321,64.0,489.0,14.0,13.0,-1,-1,-1,-1
1,322,121.0,366.0,13.0,17.0,-1,-1,-1,-1
2,322,119.0,368.0,12.0,12.0,-1,-1,-1,-1
3,322,116.0,361.0,13.0,11.0,-1,-1,-1,-1
4,322,109.0,353.0,15.0,14.0,-1,-1,-1,-1
5,322,111.0,355.0,12.0,11.0,-1,-1,-1,-1
3,323,47.0,37.0,14.0,13.0,-1,-1,-1,-1
4,323,48.0,36.0,15.0,12.0,-1,-1,-1,-1
5,323,53.0,38.0,12.0,11.0,-1,-1,-1,-1
4,324,62.0,191.0,15.0,11.0,-1,-1,-1,-1
5,324,56.0,193.0,13.0,11.0,-1,-1,-1,-1
4,325,58.0,6.0,12.0,12.0,-1,-1,-1,-1
5,325,58.0,0.0,12.0,13.0,-1,-1,-1,-1
1,326,78.0,469.0,15.0,12.0,-1,-1,-1,-1
3,326,80.0,475.0,15.0,12.0,-1,-1,-1,-1
4,326,79.0,473.0,16.0,12.0,-1,-1,-1,-1
5,326,74.0,464.0,13.0,11.0,-1,-1,-1,-1
1,327,181.0,150.0,10.0,13.0,-1,-1,-1,-1
2,327,179.0,160.0,14.0,13.0,-1,-1,-1,-1
3,327,186.0,169.0,14.0,9.0,-1,-1,-1,-1
4,327,184.0,171.0,15.0,14.0,-1,-1,-1,-1
5,327,201.0,169.0,14.0,15.0,-1,-1,-1,-1
1,328,33.0,419.0,17.0,14.0,-1,-1,-1,-1
3,328,30.0,419.0,17.0,13.0,-1,-1,-1,-1
4,328,41.0,419.0,13.0,13.0,-1,-1,-1,-1
5,328,40.0,423.0,15.0,14.0,-1,-1,-1,-1
1,329,68.0,33.0,12.0,12.0,-1,-1,-1,-1
2,329,72.0,43.0,11.0,10.0,-1,-1,-1,-1
3,329,74.0,40.0,10.0,10.0,-1,-1,-1,-1
4,329,73.0,37.0,9.0,12.0,-1,-1,-1,-1
5,329,75.0,37.0,10.0,12.0,-1,-1,-1,-1
2,330,93.0,74.0,9.0,14.0,-1,-1,-1,-1
4,330,87.0,77.0,10.0,13.0,-1,-1,-1,-1
5,330,81.0,81.0,12.0,13.0,-1,-1,-1,-1
2,331,109.0,420.0,16.0,17.0,-1,-1,-1,-1
4,331,111.0,416.0,15.0,15.0,-1,-1,-1,-1
5,331,110.0,415.0,16.0,17.0,-1,-1,-1,-1
2,332,145.0,434.0,14.0,13.0,-1,-1,-1,-1
4,332,142.0,427.0,16.0,16.0,-1,-1,-1,-1
5,332,144.0,430.0,14.0,13.0,-1,-1,-1,-1
2,333,149.0,422.0,14.0,11.0,-1,-1,-1,-1
4,333,155.0,417.0,13.0,13.0,-1,-1,-1,-1
5,333,159.0,413.0,14.0,15.0,-1,-1,-1,-1
2,334,57.0,503.0,15.0,15.0,-1,-1,-1,-1
4,334,57.0,502.0,13.0,13.0,-1,-1,-1,-1
5,334,57.0,503.0,15.0,15.0,-1,-1,-1,-1
1,335,26.0,516.0,14.0,14.0,-1,-1,-1,-1
2,335,25.0,519.0,14.0,14.0,-1,-1,-1,-1
3,335,25.0,516.0,15.0,13.0,-1,-1,-1,-1
4,335,25.0,516.0,13.0,14.0,-1,-1,-1,-1
5,335,25.0,518.0,14.0,15.0,-1,-1,-1,-1
1,336,189.0,54.0,12.0,12.0,-1,-1,-1,-1
2,336,188.0,55.0,10.0,11.0,-1,-1,-1,-1
3,336,185.0,50.0,12.0,12.0,-1,-1,-1,-1
4,336,180.0,50.0,10.0,12.0,-1,-1,-1,-1
5,336,180.0,55.0,10.0,11.0,-1,-1,-1,-1
1,337,100.0,517.0,14.0,13.0,-1,-1,-1,-1
2,337,98.0,520.0,14.0,12.0,-1,-1,-1,-1
3,337,100.0,517.0,15.0,12.0,-1,-1,-1,-1
4,337,97.0,516.0,14.0,9.0,-1,-1,-1,-1
5,337,94.0,517.0,14.0,10.0,-1,-1,-1,-1
1,338,65.0,97.0,13.0,15.0,-1,-1,-1,-1
2,338,67.0,99.0,13.0,14.0,-1,-1,-1,-1
4,338,72.0,90.0,12.0,15.0,-1,-1,-1,-1
5,338,74.0,97.0,11.0,14.0,-1,-1,-1,-1
1,339,79.0,510.0,12.0,14.0,-1,-1,-1,-1
2,339,78.0,512.0,13.0,12.0,-1,-1,-1,-1
3,339,79.0,509.0,13.0,11.0,-1,-1,-1,-1
4,339,80.0,505.0,14.0,12.0,-1,-1,-1,-1
5,339,85.0,487.0,16.0,14.0,-1,-1,-1,-1
1,340,99.0,448.0,14.0,14.0,-1,-1,-1,-1
2,340,99.0,448.0,13.0,14.0,-1,-1,-1,-1
3,340,102.0,446.0,16.0,13.0,-1,-1,-1,-1
4,340,99.0,440.0,15.0,16.0,-1,-1,-1,-1
5,340,91.0,438.0,13.0,14.0,-1,-1,-1,-1
1,341,114.0,462.0,16.0,14.0,-1,-1,-1,-1
2,341,113.0,463.0,15.0,14.0,-1,-1,-1,-1
4,341,106.0,464.0,14.0,17.0,-1,-1,-1,-1
5,341,106.0,465.0,14.0,16.0,-1,-1,-1,-1
1,342,175.0,31.0,17.0,14.0,-1,-1,-1,-1
2,342,175.0,31.0,16.0,14.0,-1,-1,-1,-1
4,342,170.0,25.0,16.0,15.0,-1,-1,-1,-1
5,342,174.0,26.0,17.0,14.0,-1,-1,-1,-1
1,343,136.0,86.0,13.0,13.0,-1,-1,-1,-1
2,343,133.0,87.0,14.0,14.0,-1,-1,-1,-1
4,343,135.0,87.0,16.0,15.0,-1,-1,-1,-1
5,343,136.0,89.0,15.0,14.0,-1,-1,-1,-1
1,344,201.0,424.0,13.0,11.0,-1,-1,-1,-1
2,344,201.0,424.0,12.0,11.0,-1,-1,-1,-1
4,344,199.0,418.0,12.0,14.0,-1,-1,-1,-1
5,344,201.0,421.0,11.0,13.0,-1,-1,-1,-1
1,345,131.0,9.0,10.0,13.0,-1,-1,-1,-1
2,345,128.0,14.0,11.0,13.0,-1,-1,-1,-1
4,345,133.0,19.0,14.0,11.0,-1,-1,-1,-1
5,345,137.0,24.0,13.0,11.0,-1,-1,-1,-1
1,346,102.0,485.0,15.0,14.0,-1,-1,-1,-1
2,346,99.0,485.0,13.0,16.0,-1,-1,-1,-1
3,346,100.0,483.0,13.0,14.0,-1,-1,-1,-1
4,346,96.0,480.0,14.0,15.0,-1,-1,-1,-1
5,346,97.0,482.0,14.0,14.0,-1,-1,-1,-1
1,347,35.0,505.0,11.0,13.0,-1,-1,-1,-1
2,347,33.0,506.0,13.0,11.0,-1,-1,-1,-1
3,347,36.0,504.0,10.0,11.0,-1,-1,-1,-1
4,347,35.0,502.0,11.0,12.0,-1,-1,-1,-1
5,347,36.0,505.0,10.0,13.0,-1,-1,-1,-1
1,348,103.0,24.0,14.0,15.0,-1,-1,-1,-1
2,348,103.0,28.0,11.0,13.0,-1,-1,-1,-1
4,348,111.0,31.0,11.0,10.0,-1,-1,-1,-1
5,348,111.0,31.0,14.0,11.0,-1,-1,-1,-1
1,349,74.0,51.0,11.0,13.0,-1,-1,-1,-1
2,349,73.0,53.0,10.0,13.0,-1,-1,-1,-1
3,349,75.0,51.0,9.0,14.0,-1,-1,-1,-1
4,349,72.0,52.0,11.0,12.0,-1,-1,-1,-1
5,349,72.0,56.0,14.0,12.0,-1,-1,-1,-1
1,350,189.0,118.0,9.0,13.0,-1,-1,-1,-1
2,350,185.0,120.0,14.0,13.0,-1,-1,-1,-1
4,350,184.0,117.0,11.0,13.0,-1,-1,-1,-1
5,350,184.0,121.0,13.0,14.0,-1,-1,-1,-1
1,351,151.0,63.0,15.0,13.0,-1,-1,-1,-1
2,351,147.0,70.0,12.0,11.0,-1,-1,-1,-1
3,351,144.0,67.0,12.0,12.0,-1,-1,-1,-1
4,351,150.0,71.0,14.0,13.0,-1,-1,-1,-1
5,351,150.0,71.0,13.0,13.0,-1,-1,-1,-1
1,352,177.0,89.0,14.0,13.0,-1,-1,-1,-1
2,352,178.0,90.0,12.0,13.0,-1,-1,-1,-1
3,352,184.0,99.0,11.0,12.0,-1,-1,-1,-1
4,352,188.0,96.0,14.0,11.0,-1,-1,-1,-1
5,352,186.0,95.0,12.0,12.0,-1,-1,-1,-1
1,353,141.0,39.0,15.0,15.0,-1,-1,-1,-1
2,353,137.0,41.0,15.0,15.0,-1,-1,-1,-1
3,353,128.0,47.0,12.0,14.0,-1,-1,-1,-1
4,353,128.0,35.0,12.0,20.0,-1,-1,-1,-1
5,353,129.0,34.0,13.0,12.0,-1,-1,-1,-1
1,354,41.0,41.0,13.0,13.0,-1,-1,-1,-1
2,354,36.0,40.0,15.0,12.0,-1,-1,-1,-1
3,354,34.0,43.0,13.0,15.0,-1,-1,-1,-1
4,354,34.0,37.0,13.0,13.0,-1,-1,-1,-1
5,354,40.0,39.0,13.0,12.0,-1,-1,-1,-1
3,355,144.0,379.0,15.0,12.0,-1,-1,-1,-1
4,355,141.0,390.0,15.0,14.0,-1,-1,-1,-1
5,355,145.0,386.0,15.0,14.0,-1,-1,-1,-1
2,356,88.0,524.0,13.0,12.0,-1,-1,-1,-1
3,356,84.0,520.0,14.0,13.0,-1,-1,-1,-1
4,356,78.0,518.0,13.0,12.0,-1,-1,-1,-1
5,356,79.0,520.0,11.0,10.0,-1,-1,-1,-1
1,357,8.0,396.0,15.0,14.0,-1,-1,-1,-1
2,357,9.0,393.0,14.0,13.0,-1,-1,-1,-1
3,357,13.0,386.0,13.0,12.0,-1,-1,-1,-1
4,357,17.0,380.0,14.0,12.0,-1,-1,-1,-1
5,357,22.0,383.0,14.0,14.0,-1,-1,-1,-1
1,358,38.0,391.0,11.0,12.0,-1,-1,-1,-1
2,358,35.0,390.0,12.0,12.0,-1,-1,-1,-1
3,358,38.0,387.0,12.0,10.0,-1,-1,-1,-1
4,358,38.0,385.0,13.0,9.0,-1,-1,-1,-1
5,358,39.0,387.0,11.0,10.0,-1,-1,-1,-1
1,359,62.0,454.0,13.0,10.0,-1,-1,-1,-1
2,359,61.0,455.0,13.0,11.0,-1,-1,-1,-1
3,359,64.0,452.0,12.0,14.0,-1,-1,-1,-1
4,359,64.0,450.0,11.0,14.0,-1,-1,-1,-1
5,359,66.0,454.0,11.0,14.0,-1,-1,-1,-1
1,360,63.0,116.0,16.0,14.0,-1,-1,-1,-1
2,360,63.0,118.0,14.0,14.0,-1,-1,-1,-1
3,360,58.0,119.0,18.0,19.0,-1,-1,-1,-1
4,360,56.0,119.0,15.0,14.0,-1,-1,-1,-1
5,360,59.0,119.0,17.0,19.0,-1,-1,-1,-1
